Method   Train_Percent  F-1_Macro  F-1_Micro       AUC  Avg_Precision  Accuracy
      lr     0.05   0.637559   0.644149  0.644657       0.742862  0.644149
      lr     0.10   0.663628   0.666348  0.667041       0.751073  0.666348
      lr     0.20   0.689807   0.690738  0.691103       0.769096  0.690738
      lr     0.30   0.687525   0.688344  0.689081       0.767304  0.688344
      lr     0.40   0.696478   0.696780  0.697482       0.772649  0.696780
      lr     0.50   0.695556   0.695704  0.696299       0.771155  0.695704
      lr     0.60   0.700793   0.701342  0.701250       0.769876  0.701342
      lr     0.70   0.700090   0.700358  0.700385       0.775696  0.700358
      lr     0.80   0.702093   0.702949  0.702844       0.771504  0.702949
      lr     0.90   0.702613   0.703209  0.703175       0.777562  0.703209  
Method  Train_Percent  F-1_Macro  F-1_Micro       AUC  Avg_Precision  \
     dt           0.05   0.558206   0.559582  0.559846       0.670493   
     dt           0.10   0.587276   0.587768  0.587806       0.691168   
     dt           0.20   0.581923   0.582483  0.582731       0.689726   
     dt           0.30   0.586548   0.586810  0.587166       0.691759   
     dt           0.40   0.594759   0.594991  0.595458       0.700403   
     dt           0.50   0.606289   0.606552  0.606530       0.707262   
     dt           0.60   0.603199   0.603490  0.603540       0.698308   
     dt           0.70   0.601964   0.602504  0.602681       0.699713   
     dt           0.80   0.610068   0.610456  0.610733       0.708738   
     dt           0.90   0.621863   0.622460  0.623546       0.721084   

   Accuracy  
  0.559582  
  0.587768  
  0.582483  
  0.586810  
  0.594991  
  0.606552  
  0.603490  
  0.602504  
  0.610456  
  0.622460    
Method  Train_Percent  F-1_Macro  F-1_Micro       AUC  Avg_Precision  \
     rf           0.05   0.577689   0.606783  0.608164       0.723545   
     rf           0.10   0.614336   0.636217  0.638338       0.750339   
     rf           0.20   0.635502   0.651208  0.654668       0.756820   
     rf           0.30   0.663831   0.668405  0.670056       0.760138   
     rf           0.40   0.682798   0.684973  0.686349       0.768679   
     rf           0.50   0.683658   0.684962  0.686930       0.768078   
     rf           0.60   0.670119   0.671946  0.675265       0.760141   
     rf           0.70   0.688179   0.688909  0.692641       0.778458   
     rf           0.80   0.675687   0.676139  0.679228       0.763403   
     rf           0.90   0.695375   0.696257  0.697635       0.773277   

   Accuracy  
  0.606783  
  0.636217  
  0.651208  
  0.668405  
  0.684973  
  0.684962  
  0.671946  
  0.688909  
  0.676139  
  0.696257    Method  Train_Percent  F-1_Macro  F-1_Micro       AUC  Avg_Precision  \
0     nb           0.05   0.559616   0.566083  0.566702       0.661406   
1     nb           0.10   0.577631   0.587888  0.588317       0.676257   
2     nb           0.20   0.615900   0.623154  0.623318       0.707370   
3     nb           0.30   0.625303   0.637040  0.637180       0.721457   
4     nb           0.40   0.637404   0.649463  0.647646       0.728405   
5     nb           0.50   0.634476   0.645972  0.645512       0.728099   
6     nb           0.60   0.628607   0.639463  0.641971       0.731165   
7     nb           0.70   0.622749   0.636852  0.636701       0.721578   
8     nb           0.80   0.624847   0.636729  0.636935       0.722260   
9     nb           0.90   0.629185   0.643316  0.641706       0.722654   

   Accuracy  
0  0.566083  
1  0.587888  
2  0.623154  
3  0.637040  
4  0.649463  
5  0.645972  
6  0.639463  
7  0.636852  
8  0.636729  
9  0.643316  
