  Method  Train_Percent  F-1_Macro  F-1_Micro       AUC  Avg_Precision  \
0     lr           0.05   0.619915   0.626964  0.627783       0.728920   
1     lr           0.10   0.652568   0.653043  0.653127       0.739682   
2     lr           0.20   0.669133   0.670268  0.671166       0.753909   
3     lr           0.30   0.674546   0.674923  0.675182       0.754873   
4     lr           0.40   0.680569   0.680948  0.681258       0.757640   
5     lr           0.50   0.683331   0.683673  0.683945       0.762866   
6     lr           0.60   0.692743   0.692886  0.693600       0.772729   
7     lr           0.70   0.684650   0.684794  0.685187       0.765803   
8     lr           0.80   0.693879   0.694370  0.694868       0.769357   
9     lr           0.90   0.685455   0.686631  0.686618       0.753813   

   Accuracy  
0  0.626964  
1  0.653043  
2  0.670268  
3  0.674923  
4  0.680948  
5  0.683673  
6  0.692886  
7  0.684794  
8  0.694370  
9  0.686631  
  Method  Train_Percent  F-1_Macro  F-1_Micro       AUC  Avg_Precision  \
0     dt           0.05   0.546156   0.548559  0.548862       0.661305   
1     dt           0.10   0.571896   0.573329  0.573578       0.680229   
2     dt           0.20   0.583972   0.584362  0.584788       0.690472   
3     dt           0.30   0.588340   0.588574  0.588643       0.695149   
4     dt           0.40   0.593200   0.593381  0.593396       0.692678   
5     dt           0.50   0.596645   0.596778  0.597047       0.697777   
6     dt           0.60   0.617136   0.617450  0.617857       0.712307   
7     dt           0.70   0.615181   0.615742  0.615673       0.711800   
8     dt           0.80   0.613743   0.614209  0.614321       0.704240   
9     dt           0.90   0.625264   0.626738  0.626033       0.717411   

   Accuracy  
0  0.548559  
1  0.573329  
2  0.584362  
3  0.588574  
4  0.593381  
5  0.596778  
6  0.617450  
7  0.615742  
8  0.614209  
9  0.626738  
  Method  Train_Percent  F-1_Macro  F-1_Micro       AUC  Avg_Precision  \
0     rf           0.05   0.588454   0.611588  0.612791       0.719501   
1     rf           0.10   0.607363   0.624940  0.626763       0.744020   
2     rf           0.20   0.649397   0.654295  0.655452       0.747381   
3     rf           0.30   0.666726   0.670782  0.672243       0.758759   
4     rf           0.40   0.661963   0.665206  0.667315       0.755027   
5     rf           0.50   0.652941   0.657787  0.663090       0.754509   
6     rf           0.60   0.668910   0.670470  0.673925       0.759821   
7     rf           0.70   0.668731   0.669231  0.671472       0.752582   
8     rf           0.80   0.664646   0.665416  0.668428       0.761130   
9     rf           0.90   0.687112   0.687701  0.689411       0.770284   

   Accuracy  
0  0.611588  
1  0.624940  
2  0.654295  
3  0.670782  
4  0.665206  
5  0.657787  
6  0.670470  
7  0.669231  
8  0.665416  
9  0.687701  
  Method  Train_Percent  F-1_Macro  F-1_Micro       AUC  Avg_Precision  \
0     nb           0.05   0.581065   0.585415  0.585472       0.678099   
1     nb           0.10   0.573803   0.580907  0.580563       0.667888   
2     nb           0.20   0.613713   0.621879  0.621992       0.704284   
3     nb           0.30   0.610054   0.624310  0.623757       0.707516   
4     nb           0.40   0.614096   0.626118  0.625646       0.708238   
5     nb           0.50   0.615192   0.630934  0.627280       0.704833   
6     nb           0.60   0.621561   0.635168  0.637124       0.726338   
7     nb           0.70   0.607669   0.624150  0.623282       0.707530   
8     nb           0.80   0.614065   0.628150  0.630715       0.719923   
9     nb           0.90   0.613445   0.631551  0.630016       0.712053   

   Accuracy  
0  0.585415  
1  0.580907  
2  0.621879  
3  0.624310  
4  0.626118  
5  0.630934  
6  0.635168  
7  0.624150  
8  0.628150  
9  0.631551  
