  Method  Train_Percent  F-1_Macro  F-1_Micro       AUC  Avg_Precision  \
0     nb           0.05   0.586422   0.590447  0.590454       0.685761   
1     nb           0.10   0.607386   0.616110  0.616448       0.702489   
2     nb           0.20   0.615179   0.628993  0.628136       0.711047   
3     nb           0.30   0.645321   0.656595  0.656400       0.740120   
4     nb           0.40   0.629745   0.644097  0.644639       0.732160   
5     nb           0.50   0.628374   0.643716  0.645986       0.737731   
6     nb           0.60   0.639259   0.654094  0.653069       0.738758   
7     nb           0.70   0.651320   0.664758  0.667972       0.762454   
8     nb           0.80   0.651785   0.668365  0.663972       0.746273   
9     nb           0.90   0.637284   0.650802  0.654055       0.746159   

   Accuracy  
0  0.590447  
1  0.616110  
2  0.628993  
3  0.656595  
4  0.644097  
5  0.643716  
6  0.654094  
7  0.664758  
8  0.668365  
9  0.650802  
  Method  Train_Percent  F-1_Macro  F-1_Micro       AUC  Avg_Precision  \
0     rf           0.05   0.603729   0.625721  0.626785       0.741782   
1     rf           0.10   0.640452   0.653640  0.655205       0.752930   
2     rf           0.20   0.674501   0.682081  0.684100       0.774543   
3     rf           0.30   0.687709   0.691641  0.693323       0.777697   
4     rf           0.40   0.689823   0.693292  0.695469       0.778388   
5     rf           0.50   0.702946   0.703759  0.704722       0.783195   
6     rf           0.60   0.701610   0.702550  0.703407       0.780407   
7     rf           0.70   0.702258   0.703041  0.704287       0.785012   
8     rf           0.80   0.696056   0.696783  0.699529       0.779679   
9     rf           0.90   0.706493   0.707487  0.708589       0.780291   

   Accuracy  
0  0.625721  
1  0.653640  
2  0.682081  
3  0.691641  
4  0.693292  
5  0.703759  
6  0.702550  
7  0.703041  
8  0.696783  
9  0.707487  
  Method  Train_Percent  F-1_Macro  F-1_Micro       AUC  Avg_Precision  \
0     dt           0.05   0.567796   0.568570  0.568523       0.682177   
1     dt           0.10   0.572177   0.573329  0.573629       0.683627   
2     dt           0.20   0.595263   0.595705  0.595985       0.697317   
3     dt           0.30   0.609665   0.609969  0.609945       0.708658   
4     dt           0.40   0.613031   0.613238  0.613373       0.710544   
5     dt           0.50   0.610053   0.610311  0.610405       0.708322   
6     dt           0.60   0.622030   0.622282  0.622411       0.717005   
7     dt           0.70   0.629480   0.630411  0.629925       0.730156   
8     dt           0.80   0.634313   0.635121  0.634837       0.725433   
9     dt           0.90   0.624026   0.624599  0.625015       0.713042   

   Accuracy  
0  0.568570  
1  0.573329  
2  0.595705  
3  0.609969  
4  0.613238  
5  0.610311  
6  0.622282  
7  0.630411  
8  0.635121  
9  0.624599  
  Method  Train_Percent  F-1_Macro  F-1_Micro       AUC  Avg_Precision  \
0     lr           0.05   0.665989   0.667439  0.667612       0.750480   
1     lr           0.10   0.679013   0.679714  0.679973       0.760762   
2     lr           0.20   0.694050   0.694362  0.694540       0.772589   
3     lr           0.30   0.688217   0.688420  0.688804       0.768022   
4     lr           0.40   0.701883   0.701968  0.702096       0.777414   
5     lr           0.50   0.704308   0.704404  0.704646       0.782369   
6     lr           0.60   0.707431   0.707517  0.707576       0.778707   
7     lr           0.70   0.704091   0.704293  0.704481       0.778045   
8     lr           0.80   0.713737   0.713941  0.714379       0.782002   
9     lr           0.90   0.718216   0.719251  0.720560       0.789536   

   Accuracy  
0  0.667439  
1  0.679714  
2  0.694362  
3  0.688420  
4  0.701968  
5  0.704404  
6  0.707517  
7  0.704293  
8  0.713941  
9  0.719251  
