Method   Train_Percent  F-1_Macro  F-1_Micro       AUC  Avg_Precision  Accuracy
      lr           0.05   0.649036   0.653703  0.654078       0.745231  0.653703
      lr           0.10   0.675309   0.678938  0.679570       0.761808  0.678938
      lr           0.20   0.698274   0.698591  0.698774       0.773363  0.698591
      lr           0.30   0.698023   0.699003  0.700137       0.777883  0.699003
      lr           0.40   0.704472   0.704741  0.705079       0.777452  0.704741
      lr           0.50   0.707305   0.707734  0.707996       0.777142  0.707734
      lr           0.60   0.699223   0.699866  0.700961       0.779885  0.699866
      lr           0.70   0.704507   0.705009  0.705548       0.778126  0.705009
      lr           0.80   0.715300   0.715818  0.715670       0.781645  0.715818
      lr           0.90   0.723850   0.724599  0.725689       0.796947  0.724599  
Method  Train_Percent  F-1_Macro  F-1_Micro       AUC  Avg_Precision  \
     dt           0.05   0.565814   0.567552  0.567859       0.679238   
     dt           0.10   0.594044   0.594869  0.595010       0.698742   
     dt           0.20   0.595856   0.596309  0.596631       0.698070   
     dt           0.30   0.613025   0.613113  0.613235       0.710917   
     dt           0.40   0.613980   0.614043  0.614426       0.708694   
     dt           0.50   0.622290   0.622342  0.622579       0.716372   
     dt           0.60   0.629621   0.629799  0.630527       0.722943   
     dt           0.70   0.634335   0.634884  0.635231       0.727335   
     dt           0.80   0.628411   0.628954  0.628939       0.730522   
     dt           0.90   0.615396   0.616043  0.616040       0.715246   

   Accuracy  
  0.567552  
  0.594869  
  0.596309  
  0.613113  
  0.614043  
  0.622342  
  0.629799  
  0.634884  
  0.628954  
  0.616043    
Method  Train_Percent  F-1_Macro  F-1_Micro       AUC  Avg_Precision  \
     rf           0.05   0.582989   0.617015  0.618789       0.738432   
     rf           0.10   0.643561   0.653461  0.654788       0.750722   
     rf           0.20   0.669185   0.674430  0.675918       0.762454   
     rf           0.30   0.678358   0.683666  0.686037       0.772649   
     rf           0.40   0.687890   0.691324  0.693668       0.776592   
     rf           0.50   0.693489   0.693985  0.694638       0.772215   
     rf           0.60   0.687504   0.689128  0.693316       0.773044   
     rf           0.70   0.692722   0.693739  0.696744       0.778675   
     rf           0.80   0.693776   0.694370  0.696849       0.770660   
     rf           0.90   0.681521   0.682353  0.685615       0.762947   

   Accuracy  
  0.617015  
  0.653461  
  0.674430  
  0.683666  
  0.691324  
  0.693985  
  0.689128  
  0.693739  
  0.694370  
  0.682353    Method  Train_Percent  F-1_Macro  F-1_Micro       AUC  Avg_Precision  \
0     nb           0.05   0.605162   0.611702  0.612075       0.702337   
1     nb           0.10   0.599148   0.609606  0.609937       0.695838   
2     nb           0.20   0.621959   0.633557  0.634802       0.721388   
3     nb           0.30   0.633828   0.646012  0.645243       0.728388   
4     nb           0.40   0.620962   0.636225  0.636870       0.724853   
5     nb           0.50   0.637726   0.650698  0.651708       0.739432   
6     nb           0.60   0.624722   0.639463  0.641591       0.732230   
7     nb           0.70   0.622779   0.637746  0.641487       0.735685   
8     nb           0.80   0.623761   0.638338  0.637534       0.721851   
9     nb           0.90   0.638560   0.652941  0.657947       0.754314   

   Accuracy  
0  0.611702  
1  0.609606  
2  0.633557  
3  0.646012  
4  0.636225  
5  0.650698  
6  0.639463  
7  0.637746  
8  0.638338  
9  0.652941  
