  Method  Train_Percent  F-1_Macro  F-1_Micro       AUC  Avg_Precision  \
0     lr           0.05   0.613802   0.618089  0.618561       0.721348   
1     lr           0.10   0.639677   0.641647  0.642272       0.732947   
2     lr           0.20   0.664467   0.665235  0.665998       0.752615   
3     lr           0.30   0.677208   0.677377  0.677735       0.757548   
4     lr           0.40   0.684577   0.684615  0.684887       0.763472   
5     lr           0.50   0.681642   0.681847  0.682147       0.762598   
6     lr           0.60   0.697670   0.697852  0.698030       0.775655   
7     lr           0.70   0.693774   0.693918  0.694599       0.775388   
8     lr           0.80   0.696789   0.697587  0.696920       0.776547   
9     lr           0.90   0.696117   0.696791  0.697303       0.770063   

   Accuracy  
0  0.618089  
1  0.641647  
2  0.665235  
3  0.677377  
4  0.684615  
5  0.681847  
6  0.697852  
7  0.693918  
8  0.697587  
9  0.696791  
  Method  Train_Percent  F-1_Macro  F-1_Micro       AUC  Avg_Precision  \
0     dt           0.05   0.558170   0.559299  0.559429       0.669611   
1     dt           0.10   0.563900   0.564081  0.564100       0.672426   
2     dt           0.20   0.580266   0.580671  0.580832       0.685493   
3     dt           0.30   0.578028   0.578298  0.578249       0.686752   
4     dt           0.40   0.591673   0.591771  0.591844       0.693354   
5     dt           0.50   0.589780   0.589903  0.590038       0.693263   
6     dt           0.60   0.593936   0.594094  0.594108       0.702045   
7     dt           0.70   0.605065   0.605188  0.605833       0.698746   
8     dt           0.80   0.599501   0.600268  0.600166       0.699135   
9     dt           0.90   0.600793   0.601604  0.602044       0.711683   

   Accuracy  
0  0.559299  
1  0.564081  
2  0.580671  
3  0.578298  
4  0.591771  
5  0.589903  
6  0.594094  
7  0.605188  
8  0.600268  
9  0.601604  
  Method  Train_Percent  F-1_Macro  F-1_Micro       AUC  Avg_Precision  \
0     rf           0.05   0.577780   0.598756  0.599626       0.706114   
1     rf           0.10   0.603576   0.625119  0.627089       0.737738   
2     rf           0.20   0.620976   0.637383  0.640603       0.754475   
3     rf           0.30   0.641790   0.647699  0.649558       0.746346   
4     rf           0.40   0.660079   0.663953  0.666074       0.757466   
5     rf           0.50   0.656007   0.659936  0.662891       0.755635   
6     rf           0.60   0.674887   0.675839  0.677084       0.764618   
7     rf           0.70   0.676434   0.677460  0.680198       0.764111   
8     rf           0.80   0.659734   0.661126  0.663975       0.753275   
9     rf           0.90   0.666955   0.668449  0.671729       0.763716   

   Accuracy  
0  0.598756  
1  0.625119  
2  0.637383  
3  0.647699  
4  0.663953  
5  0.659936  
6  0.675839  
7  0.677460  
8  0.661126  
9  0.668449  
  Method  Train_Percent  F-1_Macro  F-1_Micro       AUC  Avg_Precision  \
0     nb           0.05   0.581072   0.583889  0.584168       0.686966   
1     nb           0.10   0.608740   0.611277  0.611257       0.699893   
2     nb           0.20   0.638978   0.642752  0.643199       0.726773   
3     nb           0.30   0.644364   0.647853  0.648573       0.732170   
4     nb           0.40   0.647917   0.651521  0.651572       0.733165   
5     nb           0.50   0.655126   0.660258  0.659528       0.737233   
6     nb           0.60   0.656515   0.661477  0.661058       0.740574   
7     nb           0.70   0.649571   0.653846  0.657065       0.745605   
8     nb           0.80   0.648312   0.653083  0.652612       0.733185   
9     nb           0.90   0.659131   0.662567  0.664027       0.749103   

   Accuracy  
0  0.583889  
1  0.611277  
2  0.642752  
3  0.647853  
4  0.651521  
5  0.660258  
6  0.661477  
7  0.653846  
8  0.653083  
9  0.662567  
