Method   Train_Percent  F-1_Macro  F-1_Micro       AUC  Avg_Precision  Accuracy
     lr           0.05   0.638077   0.639683  0.639866       0.729618  0.639683
     lr           0.10   0.661132   0.661874  0.662128       0.746064  0.661874
     lr           0.20   0.674831   0.675235  0.675551       0.756505  0.675235
     lr           0.30   0.681308   0.681442  0.681765       0.759519  0.681442
     lr           0.40   0.685745   0.685957  0.686224       0.764412  0.685957
     lr           0.50   0.687011   0.687218  0.687850       0.768148  0.687218
     lr           0.60   0.700648   0.700805  0.701025       0.776607  0.700805
     lr           0.70   0.694577   0.694812  0.695569       0.774820  0.694812
     lr           0.80   0.695881   0.696247  0.696510       0.767259  0.696247
     lr           0.90   0.697092   0.697861  0.699970       0.786318  0.697861  
Method  Train_Percent  F-1_Macro  F-1_Micro       AUC  Avg_Precision  \
     dt           0.05   0.552503   0.553590  0.553691       0.672147   
     dt           0.10   0.564142   0.564797  0.564889       0.673357   
     dt           0.20   0.582355   0.582819  0.583143       0.688061   
     dt           0.30   0.576648   0.576764  0.576861       0.683499   
     dt           0.40   0.577903   0.578265  0.578372       0.686844   
     dt           0.50   0.596488   0.596670  0.596751       0.698324   
     dt           0.60   0.588605   0.588859  0.588907       0.691543   
     dt           0.70   0.620616   0.620930  0.621268       0.713221   
     dt           0.80   0.606526   0.607239  0.607256       0.697257   
     dt           0.90   0.594406   0.596257  0.595695       0.703746   

   Accuracy  
  0.553590  
  0.564797  
  0.582819  
  0.576764  
  0.578265  
  0.596670  
  0.588859  
  0.620930  
  0.607239  
  0.596257    
Method  Train_Percent  F-1_Macro  F-1_Micro       AUC  Avg_Precision  \
     rf           0.05   0.578266   0.605031  0.606255       0.732625   
     rf           0.10   0.630244   0.638484  0.639298       0.737784   
     rf           0.20   0.651056   0.653691  0.654330       0.744892   
     rf           0.30   0.649810   0.655828  0.658297       0.752994   
     rf           0.40   0.658133   0.664401  0.667845       0.761921   
     rf           0.50   0.668866   0.670892  0.672281       0.759279   
     rf           0.60   0.671903   0.673423  0.675070       0.761164   
     rf           0.70   0.672928   0.674061  0.675684       0.760920   
     rf           0.80   0.675438   0.676676  0.681115       0.763670   
     rf           0.90   0.662359   0.663636  0.666369       0.751119   

   Accuracy  
  0.605031  
  0.638484  
  0.653691  
  0.655828  
  0.664401  
  0.670892  
  0.673423  
  0.674061  
  0.676676  
  0.663636    Method  Train_Percent  F-1_Macro  F-1_Micro       AUC  Avg_Precision  \
0     nb           0.05   0.548565   0.552629  0.552833       0.657716   
1     nb           0.10   0.590669   0.594928  0.594860       0.684033   
2     nb           0.20   0.603926   0.612081  0.612430       0.697108   
3     nb           0.30   0.618261   0.627684  0.627046       0.708913   
4     nb           0.40   0.626189   0.635063  0.634179       0.714759   
5     nb           0.50   0.631208   0.639420  0.639105       0.721276   
6     nb           0.60   0.603686   0.615436  0.616460       0.701359   
7     nb           0.70   0.622775   0.633810  0.634778       0.719561   
8     nb           0.80   0.617590   0.629223  0.628324       0.709084   
9     nb           0.90   0.611021   0.621390  0.622363       0.703176   

   Accuracy  
0  0.552629  
1  0.594928  
2  0.612081  
3  0.627684  
4  0.635063  
5  0.639420  
6  0.615436  
7  0.633810  
8  0.629223  
9  0.621390  
