  Method  Train_Percent  F-1_Macro  F-1_Micro       AUC  Avg_Precision  \
0     lr           0.05   0.554665   0.584395  0.585870       0.700034   
1     lr           0.10   0.634887   0.636281  0.636544       0.727824   
2     lr           0.20   0.647365   0.648297  0.648841       0.737851   
3     lr           0.30   0.652115   0.653037  0.654077       0.742540   
4     lr           0.40   0.657871   0.658038  0.658133       0.743819   
5     lr           0.50   0.654087   0.654308  0.655013       0.738287   
6     lr           0.60   0.656154   0.656267  0.656379       0.743005   
7     lr           0.70   0.657853   0.657895  0.658331       0.747370   
8     lr           0.80   0.655493   0.655858  0.656018       0.742007   
9     lr           0.90   0.645547   0.646739  0.647059       0.741328   

   Accuracy  
0  0.584395  
1  0.636281  
2  0.648297  
3  0.653037  
4  0.658038  
5  0.654308  
6  0.656267  
7  0.657895  
8  0.655858  
9  0.646739  
  Method  Train_Percent  F-1_Macro  F-1_Micro       AUC  Avg_Precision  \
0     dt           0.05   0.573231   0.574355  0.574569       0.675909   
1     dt           0.10   0.576541   0.576984  0.577008       0.684846   
2     dt           0.20   0.583822   0.584128  0.584224       0.689874   
3     dt           0.30   0.594510   0.595093  0.595536       0.701187   
4     dt           0.40   0.597974   0.598365  0.598492       0.698422   
5     dt           0.50   0.600130   0.600327  0.600733       0.698755   
6     dt           0.60   0.604107   0.604223  0.604299       0.704295   
7     dt           0.70   0.602672   0.602722  0.603231       0.702129   
8     dt           0.80   0.614613   0.615804  0.614761       0.706745   
9     dt           0.90   0.603279   0.604891  0.603770       0.711525   

   Accuracy  
0  0.574355  
1  0.576984  
2  0.584128  
3  0.595093  
4  0.598365  
5  0.600327  
6  0.604223  
7  0.602722  
8  0.615804  
9  0.604891  
  Method  Train_Percent  F-1_Macro  F-1_Micro       AUC  Avg_Precision  \
0     rf           0.05   0.634787   0.639128  0.639297       0.736881   
1     rf           0.10   0.619470   0.631557  0.633642       0.725128   
2     rf           0.20   0.657608   0.659809  0.660380       0.749755   
3     rf           0.30   0.653158   0.658489  0.659734       0.757785   
4     rf           0.40   0.658813   0.660400  0.660486       0.754225   
5     rf           0.50   0.659643   0.663468  0.663898       0.759833   
6     rf           0.60   0.652933   0.657629  0.659013       0.757762   
7     rf           0.70   0.648718   0.653358  0.656538       0.754158   
8     rf           0.80   0.667269   0.671117  0.670682       0.766157   
9     rf           0.90   0.658799   0.662500  0.664524       0.760147   

   Accuracy  
0  0.639128  
1  0.631557  
2  0.659809  
3  0.658489  
4  0.660400  
5  0.663468  
6  0.657629  
7  0.653358  
8  0.671117  
9  0.662500  
  Method  Train_Percent  F-1_Macro  F-1_Micro       AUC  Avg_Precision  \
0     nb           0.05   0.572550   0.579575  0.580061       0.671712   
1     nb           0.10   0.578122   0.586251  0.586609       0.673110   
2     nb           0.20   0.594168   0.607357  0.607406       0.690925   
3     nb           0.30   0.585733   0.601636  0.602749       0.688150   
4     nb           0.40   0.600586   0.615895  0.615396       0.698682   
5     nb           0.50   0.596996   0.613195  0.613517       0.697960   
6     nb           0.60   0.602291   0.620708  0.619742       0.704398   
7     nb           0.70   0.595711   0.613067  0.616089       0.706871   
8     nb           0.80   0.603665   0.622616  0.620910       0.704709   
9     nb           0.90   0.597901   0.609239  0.622321       0.729468   

   Accuracy  
0  0.579575  
1  0.586251  
2  0.607357  
3  0.601636  
4  0.615895  
5  0.613195  
6  0.620708  
7  0.613067  
8  0.622616  
9  0.609239  
