0 1
1 2
0 2
3 4
4 2
3 5
5 2
3 2
6 7
7 2
6 2
8 9
9 2
8 2
10 11
11 2
10 12
12 2
10 2
13 14
14 2
13 15
15 2
13 2
16 17
17 2
16 18
18 2
16 19
19 2
16 20
20 2
16 2
21 22
22 2
21 23
23 2
21 24
24 2
21 25
25 2
21 19
19 2
21 20
20 2
21 2
26 27
27 2
26 2
28 29
29 2
28 30
30 2
28 2
31 32
32 2
31 2
33 17
17 2
33 34
34 2
33 2
35 36
36 2
35 37
37 2
35 2
38 39
39 2
38 2
40 41
41 2
40 42
42 2
40 2
43 44
44 2
43 2
45 46
46 2
45 47
47 2
45 2
48 49
49 2
48 50
50 2
48 51
51 2
48 2
52 53
53 2
52 54
54 2
52 2
55 56
56 2
55 57
57 2
55 2
58 59
59 2
58 60
60 2
58 2
61 62
62 2
61 63
63 2
61 2
64 65
65 2
64 66
66 2
64 2
67 68
68 2
67 2
69 70
70 2
69 71
71 2
69 2
72 73
73 2
72 74
74 2
72 2
75 76
76 2
75 2
77 78
78 2
77 2
79 80
80 2
79 81
81 2
79 2
82 59
59 2
82 2
83 84
84 2
83 2
85 86
86 2
85 2
87 88
88 2
87 2
89 90
90 2
89 91
91 2
89 92
92 2
89 93
93 2
89 94
94 2
89 2
95 96
96 2
95 97
97 2
95 2
98 99
99 2
98 100
100 2
98 2
101 102
102 2
101 2
103 104
104 2
103 105
105 2
103 106
106 2
103 2
107 108
108 2
107 109
109 2
107 2
110 111
111 2
110 2
112 113
113 2
112 114
114 2
112 115
115 2
112 116
116 2
112 2
117 118
118 2
117 119
119 2
117 2
120 121
121 2
120 122
122 2
120 2
123 124
124 2
123 2
125 126
126 2
125 2
127 128
128 2
127 129
129 2
127 2
130 131
131 2
130 2
132 133
133 2
132 2
134 135
135 2
134 136
136 2
134 137
137 2
134 2
138 139
139 2
138 140
140 2
138 2
141 142
142 2
141 2
143 144
144 2
143 2
145 146
146 2
145 2
147 148
148 2
147 149
149 2
147 2
150 90
90 2
150 151
151 2
150 152
152 2
150 92
92 2
150 2
153 154
154 2
153 155
155 2
153 2
156 157
157 2
156 2
158 159
159 2
158 2
160 161
161 2
160 162
162 2
160 163
163 2
160 164
164 2
160 2
165 166
166 2
165 164
164 2
165 2
167 90
90 2
167 92
92 2
167 2
168 169
169 2
168 170
170 2
168 136
136 2
168 2
171 172
172 2
171 173
173 2
171 174
174 2
171 2
175 176
176 2
175 2
177 178
178 2
177 179
179 2
177 2
180 181
181 2
180 152
152 2
180 182
182 2
180 2
183 154
154 2
183 2
184 185
185 2
184 2
186 1
1 2
186 2
187 178
178 2
187 2
188 189
189 2
188 2
190 191
191 2
190 2
192 193
193 2
192 2
194 146
146 2
194 195
195 2
194 2
196 96
96 2
196 197
197 2
196 2
198 169
169 2
198 2
199 200
200 2
199 2
201 202
202 2
201 2
203 108
108 2
203 204
204 2
203 2
205 206
206 2
205 2
207 208
208 2
207 2
209 210
210 2
209 211
211 2
209 2
212 213
213 2
212 2
214 86
86 2
214 2
215 216
216 2
215 2
217 185
185 2
217 218
218 2
217 2
219 181
181 2
219 155
155 2
219 220
220 2
219 221
221 2
219 2
222 223
223 2
222 2
224 225
225 2
224 155
155 2
224 2
226 227
227 2
226 119
119 2
226 2
228 229
229 2
228 2
230 231
231 2
230 2
232 233
233 2
232 234
234 2
232 2
235 236
236 2
235 237
237 2
235 2
238 236
236 2
238 239
239 2
238 2
240 241
241 2
240 2
242 243
243 2
242 244
244 2
242 2
245 246
246 2
245 2
247 248
248 2
247 249
249 2
247 2
250 251
251 2
250 2
252 253
253 2
252 254
254 2
252 2
255 256
256 2
255 257
257 2
255 2
258 259
259 2
258 260
260 2
258 2
261 262
262 2
261 263
263 2
261 2
264 265
265 2
264 266
266 2
264 2
267 268
268 2
267 269
269 2
267 2
270 271
271 2
270 2
272 273
273 2
272 274
274 2
272 275
275 2
272 276
276 2
272 2
277 22
22 2
277 278
278 2
277 30
30 2
277 2
279 280
280 2
279 2
281 282
282 2
281 283
283 2
281 284
284 2
281 2
285 286
286 2
285 287
287 2
285 2
288 289
289 2
288 290
290 2
288 2
291 292
292 2
291 293
293 2
291 2
294 295
295 2
294 296
296 2
294 297
297 2
294 2
298 299
299 2
298 2
300 301
301 2
300 302
302 2
300 2
303 304
304 2
303 2
305 306
306 2
305 307
307 2
305 2
308 309
309 2
308 2
310 311
311 2
310 312
312 2
310 5
5 2
310 2
313 314
314 2
313 2
315 316
316 2
315 317
317 2
315 318
318 2
315 2
319 320
320 2
319 321
321 2
319 2
322 323
323 2
322 2
324 299
299 2
324 2
325 326
326 2
325 327
327 2
325 2
328 329
329 2
328 19
19 2
328 2
330 331
331 2
330 332
332 2
330 2
333 111
111 2
333 106
106 2
333 334
334 2
333 2
335 336
336 2
335 2
337 338
338 2
337 339
339 2
337 2
340 341
341 2
340 342
342 2
340 343
343 2
340 2
344 345
345 2
344 346
346 2
344 2
347 348
348 2
347 349
349 2
347 2
350 351
351 2
350 71
71 2
350 2
352 353
353 2
352 354
354 2
352 2
355 348
348 2
355 2
356 357
357 2
356 30
30 2
356 2
358 70
70 2
358 359
359 2
358 71
71 2
358 2
360 361
361 2
360 2
362 363
363 2
362 2
364 304
304 2
364 276
276 2
364 2
365 366
366 2
365 19
19 2
365 2
367 368
368 2
367 2
369 348
348 2
369 370
370 2
369 371
371 2
369 372
372 2
369 2
373 374
374 2
373 5
5 2
373 375
375 2
373 2
376 299
299 2
376 19
19 2
376 2
377 378
378 2
377 2
379 380
380 2
379 381
381 2
379 2
382 383
383 2
382 384
384 2
382 2
385 386
386 2
385 387
387 2
385 388
388 2
385 389
389 2
385 390
390 2
385 2
391 348
348 2
391 349
349 2
391 2
392 345
345 2
392 393
393 2
392 2
394 395
395 2
394 2
396 397
397 2
396 398
398 2
396 399
399 2
396 2
400 401
401 2
400 402
402 2
400 403
403 2
400 2
404 405
405 2
404 406
406 2
404 2
407 408
408 2
407 409
409 2
407 410
410 2
407 2
411 412
412 2
411 413
413 2
411 2
414 415
415 2
414 2
416 417
417 2
416 418
418 2
416 419
419 2
416 420
420 2
416 2
421 422
422 2
421 423
423 2
421 2
424 425
425 2
424 370
370 2
424 2
426 427
427 2
426 2
428 429
429 2
428 2
430 299
299 2
430 2
431 432
432 2
431 433
433 2
431 2
434 435
435 2
434 2
436 323
323 2
436 2
437 438
438 2
437 439
439 2
437 2
440 345
345 2
440 393
393 2
440 441
441 2
440 2
442 443
443 2
442 2
444 445
445 2
444 446
446 2
444 2
447 351
351 2
447 349
349 2
447 2
448 304
304 2
448 276
276 2
448 2
449 450
450 2
449 2
451 452
452 2
451 2
453 454
454 2
453 455
455 2
453 388
388 2
453 389
389 2
453 390
390 2
453 2
456 366
366 2
456 433
433 2
456 19
19 2
456 60
60 2
456 2
457 435
435 2
457 2
458 304
304 2
458 2
459 460
460 2
459 2
461 412
412 2
461 413
413 2
461 2
462 463
463 2
462 464
464 2
462 2
465 378
378 2
465 2
466 467
467 2
466 339
339 2
466 468
468 2
466 469
469 2
466 2
470 415
415 2
470 471
471 2
470 2
472 473
473 2
472 474
474 2
472 475
475 2
472 476
476 2
472 2
477 478
478 2
477 479
479 2
477 480
480 2
477 2
481 482
482 2
481 483
483 2
481 484
484 2
481 485
485 2
481 2
486 487
487 2
486 488
488 2
486 2
489 490
490 2
489 47
47 2
489 491
491 2
489 2
492 493
493 2
492 71
71 2
492 2
494 495
495 2
494 496
496 2
494 2
497 454
454 2
497 389
389 2
497 498
498 2
497 2
499 500
500 2
499 501
501 2
499 502
502 2
499 2
503 504
504 2
503 2
226 505
505 2
226 506
506 2
226 2
507 508
508 2
507 398
398 2
507 2
509 510
510 2
509 511
511 2
509 2
512 353
353 2
512 513
513 2
512 2
240 514
514 2
240 2
187 378
378 2
187 2
515 516
516 2
515 19
19 2
515 517
517 2
515 276
276 2
515 2
518 519
519 2
518 2
520 521
521 2
520 522
522 2
520 2
523 467
467 2
523 339
339 2
523 469
469 2
523 2
524 525
525 2
524 526
526 2
524 2
527 528
528 2
527 42
42 2
527 2
529 432
432 2
529 19
19 2
529 517
517 2
529 530
530 2
529 2
531 532
532 2
531 372
372 2
531 2
533 326
326 2
533 2
534 535
535 2
534 2
536 537
537 2
536 538
538 2
536 2
539 304
304 2
539 540
540 2
539 2
541 542
542 2
541 2
543 304
304 2
543 276
276 2
543 2
544 545
545 2
544 546
546 2
544 547
547 2
544 2
548 549
549 2
548 406
406 2
548 402
402 2
548 2
550 401
401 2
550 551
551 2
550 402
402 2
550 552
552 2
550 2
553 554
554 2
553 2
555 445
445 2
555 446
446 2
555 2
556 557
557 2
556 558
558 2
556 2
559 560
560 2
559 561
561 2
559 562
562 2
559 393
393 2
559 2
563 306
306 2
563 60
60 2
563 2
564 557
557 2
564 346
346 2
564 2
565 566
566 2
565 567
567 2
565 2
568 273
273 2
568 274
274 2
568 2
569 570
570 2
569 349
349 2
569 571
571 2
569 2
572 573
573 2
572 574
574 2
572 2
575 576
576 2
575 577
577 2
575 2
578 412
412 2
578 413
413 2
578 538
538 2
578 2
579 580
580 2
579 581
581 2
579 393
393 2
579 2
582 351
351 2
582 513
513 2
582 2
583 584
584 2
583 2
585 408
408 2
585 586
586 2
585 587
587 2
585 2
588 59
59 2
588 589
589 2
588 2
590 591
591 2
590 592
592 2
590 593
593 2
590 2
594 595
595 2
594 339
339 2
594 2
596 482
482 2
596 597
597 2
596 410
410 2
596 2
598 401
401 2
598 402
402 2
598 2
599 600
600 2
599 2
601 602
602 2
601 2
603 604
604 2
603 276
276 2
603 2
605 606
606 2
605 2
607 357
357 2
607 2
608 609
609 2
608 349
349 2
608 2
610 611
611 2
610 612
612 2
610 2
613 614
614 2
613 409
409 2
613 349
349 2
613 2
615 616
616 2
615 2
617 329
329 2
617 618
618 2
617 619
619 2
617 620
620 2
617 2
621 351
351 2
621 513
513 2
621 2
622 415
415 2
622 623
623 2
622 2
624 473
473 2
624 474
474 2
624 625
625 2
624 2
626 604
604 2
626 2
627 628
628 2
627 629
629 2
627 2
630 631
631 2
630 632
632 2
630 2
633 634
634 2
633 635
635 2
633 636
636 2
633 2
637 84
84 2
637 2
638 639
639 2
638 640
640 2
638 2
641 642
642 2
641 2
643 644
644 2
643 409
409 2
643 19
19 2
643 2
645 646
646 2
645 19
19 2
645 517
517 2
645 2
647 614
614 2
647 433
433 2
647 498
498 2
647 2
648 649
649 2
648 2
650 651
651 2
650 71
71 2
650 2
652 368
368 2
652 513
513 2
652 2
653 654
654 2
653 655
655 2
653 656
656 2
653 657
657 2
653 2
658 644
644 2
658 19
19 2
658 2
659 660
660 2
659 2
661 299
299 2
661 2
662 663
663 2
662 47
47 2
662 2
664 665
665 2
664 666
666 2
664 346
346 2
664 581
581 2
664 2
667 445
445 2
667 2
668 669
669 2
668 670
670 2
668 2
671 672
672 2
671 2
673 353
353 2
673 2
674 675
675 2
674 2
676 677
677 2
676 678
678 2
676 679
679 2
676 446
446 2
676 2
680 639
639 2
680 640
640 2
680 2
681 351
351 2
681 513
513 2
681 2
682 683
683 2
682 684
684 2
682 685
685 2
682 2
686 70
70 2
686 687
687 2
686 581
581 2
686 2
688 689
689 2
688 2
690 691
691 2
690 692
692 2
690 384
384 2
690 2
693 694
694 2
693 695
695 2
693 164
164 2
693 2
696 697
697 2
696 698
698 2
696 699
699 2
696 2
700 348
348 2
700 349
349 2
700 701
701 2
700 2
702 677
677 2
702 703
703 2
702 679
679 2
702 2
704 705
705 2
704 371
371 2
704 2
706 707
707 2
706 2
708 473
473 2
708 474
474 2
708 2
709 710
710 2
709 711
711 2
709 2
712 311
311 2
712 713
713 2
712 390
390 2
712 2
714 715
715 2
714 716
716 2
714 717
717 2
714 718
718 2
714 2
719 614
614 2
719 409
409 2
719 433
433 2
719 2
720 721
721 2
720 722
722 2
720 2
723 724
724 2
723 2
725 726
726 2
725 2
727 644
644 2
727 728
728 2
727 517
517 2
727 2
729 646
646 2
729 517
517 2
729 2
730 731
731 2
730 2
732 353
353 2
732 2
733 734
734 2
733 735
735 2
733 736
736 2
733 2
737 738
738 2
737 739
739 2
737 2
740 741
741 2
740 387
387 2
740 390
390 2
740 2
742 357
357 2
742 30
30 2
742 2
743 644
644 2
743 744
744 2
743 2
745 746
746 2
745 513
513 2
745 2
747 748
748 2
747 749
749 2
747 370
370 2
747 2
750 353
353 2
750 2
751 697
697 2
751 581
581 2
751 393
393 2
751 2
752 753
753 2
752 754
754 2
752 755
755 2
752 393
393 2
752 2
756 757
757 2
756 758
758 2
756 759
759 2
756 760
760 2
756 2
761 677
677 2
761 679
679 2
761 2
762 348
348 2
762 763
763 2
762 764
764 2
762 2
765 766
766 2
765 767
767 2
765 2
768 769
769 2
768 2
770 70
70 2
770 71
71 2
770 2
771 570
570 2
771 349
349 2
771 2
772 773
773 2
772 774
774 2
772 2
775 776
776 2
775 777
777 2
775 501
501 2
775 2
778 401
401 2
778 402
402 2
778 779
779 2
778 2
780 781
781 2
780 389
389 2
780 2
782 783
783 2
782 2
784 785
785 2
784 786
786 2
784 787
787 2
784 788
788 2
784 2
789 790
790 2
789 538
538 2
789 791
791 2
789 792
792 2
789 2
793 794
794 2
793 795
795 2
793 332
332 2
793 2
796 797
797 2
796 798
798 2
796 799
799 2
796 2
800 801
801 2
800 802
802 2
800 2
803 804
804 2
803 805
805 2
803 806
806 2
803 2
807 808
808 2
807 370
370 2
807 809
809 2
807 810
810 2
807 2
811 726
726 2
811 2
812 813
813 2
812 581
581 2
812 2
814 815
815 2
814 816
816 2
814 2
817 818
818 2
817 819
819 2
817 820
820 2
817 821
821 2
817 2
822 304
304 2
822 2
823 824
824 2
823 825
825 2
823 2
826 827
827 2
826 828
828 2
826 2
829 830
830 2
829 831
831 2
829 832
832 2
829 2
833 834
834 2
833 835
835 2
833 2
836 837
837 2
836 838
838 2
836 839
839 2
836 390
390 2
836 2
840 841
841 2
840 71
71 2
840 2
842 677
677 2
842 679
679 2
842 2
843 844
844 2
843 754
754 2
843 393
393 2
843 2
845 846
846 2
845 2
847 769
769 2
847 848
848 2
847 849
849 2
847 2
850 851
851 2
850 852
852 2
850 744
744 2
850 2
853 573
573 2
853 854
854 2
853 574
574 2
853 2
855 357
357 2
855 856
856 2
855 857
857 2
855 858
858 2
855 2
859 860
860 2
859 861
861 2
859 862
862 2
859 863
863 2
859 864
864 2
859 2
865 70
70 2
865 71
71 2
865 866
866 2
865 867
867 2
865 2
868 869
869 2
868 870
870 2
868 2
871 813
813 2
871 393
393 2
871 581
581 2
871 441
441 2
871 2
872 604
604 2
872 873
873 2
872 874
874 2
872 2
875 604
604 2
875 276
276 2
875 2
876 877
877 2
876 878
878 2
876 879
879 2
876 2
880 881
881 2
880 2
882 883
883 2
882 2
884 885
885 2
884 886
886 2
884 2
887 70
70 2
887 888
888 2
887 2
889 890
890 2
889 678
678 2
889 891
891 2
889 2
892 893
893 2
892 894
894 2
892 895
895 2
892 896
896 2
892 2
897 898
898 2
897 899
899 2
897 900
900 2
897 2
901 902
902 2
901 19
19 2
901 2
903 904
904 2
903 2
905 70
70 2
905 274
274 2
905 571
571 2
905 2
906 907
907 2
906 908
908 2
906 2
909 595
595 2
909 339
339 2
909 2
910 911
911 2
910 2
912 604
604 2
912 276
276 2
912 2
913 914
914 2
913 915
915 2
913 916
916 2
913 2
917 918
918 2
917 919
919 2
917 2
920 921
921 2
920 922
922 2
920 923
923 2
920 2
924 27
27 2
924 925
925 2
924 926
926 2
924 777
777 2
924 2
927 206
206 2
927 2
928 602
602 2
928 2
929 930
930 2
929 2
931 932
932 2
931 2
933 299
299 2
933 2
934 935
935 2
934 63
63 2
934 2
936 937
937 2
936 2
938 600
600 2
938 2
939 940
940 2
939 2
941 942
942 2
941 5
5 2
941 2
943 70
70 2
943 944
944 2
943 71
71 2
943 2
945 606
606 2
945 2
946 947
947 2
946 919
919 2
946 2
948 949
949 2
948 950
950 2
948 2
951 508
508 2
951 398
398 2
951 2
952 953
953 2
952 2
954 482
482 2
954 597
597 2
954 410
410 2
954 2
955 306
306 2
955 956
956 2
955 307
307 2
955 370
370 2
955 2
957 958
958 2
957 959
959 2
957 916
916 2
957 2
960 961
961 2
960 296
296 2
960 2
962 963
963 2
962 498
498 2
962 2
964 965
965 2
964 966
966 2
964 2
967 415
415 2
967 2
590 591
591 2
590 968
968 2
590 593
593 2
590 2
969 609
609 2
969 409
409 2
969 2
970 697
697 2
970 346
346 2
970 971
971 2
970 2
972 973
973 2
972 23
23 2
972 2
974 70
70 2
974 2
975 976
976 2
975 977
977 2
975 978
978 2
975 979
979 2
975 2
980 981
981 2
980 982
982 2
980 983
983 2
980 2
984 985
985 2
984 986
986 2
984 987
987 2
984 2
988 989
989 2
988 990
990 2
988 991
991 2
988 2
992 769
769 2
992 993
993 2
992 849
849 2
992 2
994 995
995 2
994 996
996 2
994 997
997 2
994 2
998 999
999 2
998 571
571 2
998 2
1000 1001
1001 2
1000 1002
1002 2
1000 2
1003 1004
1004 2
1003 2
1005 677
677 2
1005 679
679 2
1005 2
1006 1007
1007 2
1006 1008
1008 2
1006 1009
1009 2
1006 1010
1010 2
1006 2
1011 1012
1012 2
1011 1013
1013 2
1011 370
370 2
1011 2
1014 1015
1015 2
1014 1016
1016 2
1014 1017
1017 2
1014 2
1018 1019
1019 2
1018 2
1020 1021
1021 2
1020 1022
1022 2
1020 1023
1023 2
1020 2
1024 1025
1025 2
1024 1026
1026 2
1024 2
1027 351
351 2
1027 1028
1028 2
1027 1029
1029 2
1027 2
1030 1031
1031 2
1030 1032
1032 2
1030 2
1033 573
573 2
1033 854
854 2
1033 574
574 2
1033 276
276 2
1033 2
1034 813
813 2
1034 1035
1035 2
1034 2
1036 1037
1037 2
1036 744
744 2
1036 2
1038 1039
1039 2
1038 1022
1022 2
1038 19
19 2
1038 2
1040 1041
1041 2
1040 1042
1042 2
1040 2
1043 614
614 2
1043 419
419 2
1043 371
371 2
1043 2
1044 1045
1045 2
1044 1046
1046 2
1044 1047
1047 2
1044 2
1048 1049
1049 2
1048 1050
1050 2
1048 371
371 2
1048 2
1051 785
785 2
1051 1052
1052 2
1051 1053
1053 2
1051 788
788 2
1051 2
1054 427
427 2
1054 2
1055 1056
1056 2
1055 1057
1057 2
1055 2
1058 1059
1059 2
1058 1060
1060 2
1058 788
788 2
1058 2
1061 1062
1062 2
1061 1063
1063 2
1061 1064
1064 2
1061 1065
1065 2
1061 2
1066 1067
1067 2
1066 2
1068 1069
1069 2
1068 1070
1070 2
1068 480
480 2
1068 2
1071 1072
1072 2
1071 321
321 2
1071 2
1073 1074
1074 2
1073 1075
1075 2
1073 2
1076 1077
1077 2
1076 774
774 2
1076 2
627 628
628 2
627 629
629 2
627 2
1078 609
609 2
1078 349
349 2
1078 2
1079 368
368 2
1079 513
513 2
1079 2
1080 631
631 2
1080 632
632 2
1080 2
1081 1082
1082 2
1081 71
71 2
1081 2
1083 1084
1084 2
1083 2
1085 1086
1086 2
1085 1087
1087 2
1085 1088
1088 2
1085 1089
1089 2
1085 2
1090 1091
1091 2
1090 1092
1092 2
1090 1093
1093 2
1090 2
1094 1095
1095 2
1094 1096
1096 2
1094 2
1097 1098
1098 2
1097 2
1099 504
504 2
1099 2
1100 1101
1101 2
1100 2
1102 1103
1103 2
1102 1104
1104 2
1102 5
5 2
1102 2
1105 580
580 2
1105 393
393 2
1105 2
1106 353
353 2
1106 513
513 2
1106 2
1107 510
510 2
1107 370
370 2
1107 390
390 2
1107 2
1108 415
415 2
1108 1109
1109 2
1108 2
1110 1111
1111 2
1110 276
276 2
1110 2
1112 1113
1113 2
1112 2
1114 516
516 2
1114 1115
1115 2
1114 1116
1116 2
1114 2
1117 1118
1118 2
1117 1119
1119 2
1117 2
1120 1121
1121 2
1120 1122
1122 2
1120 2
1123 1124
1124 2
1123 42
42 2
1123 2
1125 29
29 2
1125 2
1126 1127
1127 2
1126 2
1128 1129
1129 2
1128 2
1130 395
395 2
1130 1131
1131 2
1130 2
1132 1133
1133 2
1132 2
1134 1135
1135 2
1134 2
1136 29
29 2
1136 629
629 2
1136 2
1137 1138
1138 2
1137 923
923 2
1137 2
1139 1140
1140 2
1139 398
398 2
1139 2
1141 378
378 2
1141 1142
1142 2
1141 1143
1143 2
1141 2
1144 604
604 2
1144 806
806 2
1144 2
1145 70
70 2
1145 71
71 2
1145 2
1146 1147
1147 2
1146 1116
1116 2
1146 2
1148 1149
1149 2
1148 1150
1150 2
1148 2
1151 1152
1152 2
1151 1153
1153 2
1151 1154
1154 2
1151 2
1155 1156
1156 2
1155 1157
1157 2
1155 2
1158 907
907 2
1158 908
908 2
1158 2
1159 1160
1160 2
1159 2
1161 769
769 2
1161 1162
1162 2
1161 1163
1163 2
1161 2
1164 1165
1165 2
1164 2
1166 1167
1167 2
1166 321
321 2
1166 2
1168 1169
1169 2
1168 339
339 2
1168 2
1170 84
84 2
1170 2
1171 1172
1172 2
1171 2
1173 649
649 2
1173 398
398 2
1173 2
1174 1175
1175 2
1174 2
1176 59
59 2
1176 2
1177 1178
1178 2
1177 1179
1179 2
1177 2
1180 1181
1181 2
1180 1182
1182 2
1180 2
1183 84
84 2
1183 2
1184 1185
1185 2
1184 441
441 2
1184 2
1186 1187
1187 2
1186 18
18 2
1186 2
1188 1189
1189 2
1188 1190
1190 2
1188 2
1191 29
29 2
1191 806
806 2
1191 2
1192 383
383 2
1192 30
30 2
1192 2
1193 1194
1194 2
1193 1195
1195 2
1193 1196
1196 2
1193 2
1197 1198
1198 2
1197 1199
1199 2
1197 1200
1200 2
1197 2
1201 1202
1202 2
1201 1203
1203 2
1201 1204
1204 2
1201 2
1205 1206
1206 2
1205 2
1207 1208
1208 2
1207 2
1209 1210
1210 2
1209 1211
1211 2
1209 2
1212 1213
1213 2
1212 1214
1214 2
1212 1215
1215 2
1212 2
1216 59
59 2
1216 2
1217 773
773 2
1217 1218
1218 2
1217 2
1219 1220
1220 2
1219 2
1221 70
70 2
1221 71
71 2
1221 2
1222 697
697 2
1222 2
1223 73
73 2
1223 1224
1224 2
1223 1225
1225 2
1223 2
1226 357
357 2
1226 30
30 2
1226 2
1227 1228
1228 2
1227 2
1229 65
65 2
1229 1230
1230 2
1229 2
1231 1232
1232 2
1231 1233
1233 2
1231 2
1234 1235
1235 2
1234 274
274 2
1234 1211
1211 2
1234 2
1236 973
973 2
1236 413
413 2
1236 2
1237 1238
1238 2
1237 857
857 2
1237 1239
1239 2
1237 1240
1240 2
1237 1241
1241 2
1237 1242
1242 2
1237 2
1243 1037
1037 2
1243 744
744 2
1243 71
71 2
1243 2
1244 1245
1245 2
1244 1246
1246 2
1244 2
1247 1248
1248 2
1247 71
71 2
1247 2
1249 351
351 2
1249 1029
1029 2
1249 2
1250 573
573 2
1250 276
276 2
1250 1251
1251 2
1250 574
574 2
1250 2
1252 1253
1253 2
1252 852
852 2
1252 1254
1254 2
1252 2
1255 84
84 2
1255 2
1256 1031
1031 2
1256 23
23 2
1256 857
857 2
1256 2
1257 1258
1258 2
1257 2
1259 677
677 2
1259 1260
1260 2
1259 679
679 2
1259 1261
1261 2
1259 2
1262 1263
1263 2
1262 2
1264 1265
1265 2
1264 1266
1266 2
1264 2
1267 818
818 2
1267 1268
1268 2
1267 819
819 2
1267 821
821 2
1267 2
1269 813
813 2
1269 1035
1035 2
1269 2
1270 1271
1271 2
1270 1272
1272 2
1270 2
1273 1274
1274 2
1273 1275
1275 2
1273 1276
1276 2
1273 1277
1277 2
1273 2
1278 860
860 2
1278 861
861 2
1278 862
862 2
1278 2
1279 1280
1280 2
1279 441
441 2
1279 2
1281 432
432 2
1281 2
1282 1283
1283 2
1282 986
986 2
1282 371
371 2
1282 2
1284 1285
1285 2
1284 1286
1286 2
1284 2
1287 1288
1288 2
1287 1289
1289 2
1287 1290
1290 2
1287 986
986 2
1287 2
1291 435
435 2
1291 1292
1292 2
1291 2
1293 1294
1294 2
1293 1295
1295 2
1293 1296
1296 2
1293 1297
1297 2
1293 2
1298 1299
1299 2
1298 1300
1300 2
1298 2
1301 1302
1302 2
1301 2
1303 1304
1304 2
1303 1305
1305 2
1303 636
636 2
1303 1306
1306 2
1303 2
1307 1308
1308 2
1307 1309
1309 2
1307 2
1310 1311
1311 2
1310 339
339 2
1310 1312
1312 2
1310 1289
1289 2
1310 2
1313 769
769 2
1313 848
848 2
1313 849
849 2
1313 2
859 860
860 2
859 861
861 2
859 862
862 2
859 1314
1314 2
859 480
480 2
859 2
855 357
357 2
855 857
857 2
855 856
856 2
855 858
858 2
855 2
865 70
70 2
865 71
71 2
865 866
866 2
865 867
867 2
865 2
840 841
841 2
840 71
71 2
840 2
875 604
604 2
875 276
276 2
875 2
1315 973
973 2
1315 2
1316 646
646 2
1316 1317
1317 2
1316 2
1318 1319
1319 2
1318 744
744 2
1318 2
1320 1039
1039 2
1320 19
19 2
1320 2
1321 357
357 2
1321 30
30 2
1321 2
1322 1323
1323 2
1322 1324
1324 2
1322 1325
1325 2
1322 372
372 2
1322 2
1326 1327
1327 2
1326 5
5 2
1326 1328
1328 2
1326 1329
1329 2
1326 2
1330 1331
1331 2
1330 2
1332 1333
1333 2
1332 2
1334 726
726 2
1334 1335
1335 2
1334 1336
1336 2
1334 2
1337 1245
1245 2
1337 679
679 2
1337 2
1338 1339
1339 2
1338 2
1340 976
976 2
1340 349
349 2
1340 1341
1341 2
1340 744
744 2
1340 71
71 2
1340 2
1342 70
70 2
1342 1261
1261 2
1342 71
71 2
1342 2
1343 570
570 2
1343 1344
1344 2
1343 2
1345 1346
1346 2
1345 1347
1347 2
1345 2
1348 677
677 2
1348 679
679 2
1348 1035
1035 2
1348 1261
1261 2
1348 2
1349 981
981 2
1349 982
982 2
1349 983
983 2
1349 2
1350 1351
1351 2
1350 1352
1352 2
1350 1353
1353 2
1350 339
339 2
1350 2
1354 1021
1021 2
1354 1022
1022 2
1354 19
19 2
1354 2
1355 1356
1356 2
1355 1357
1357 2
1355 986
986 2
1355 1358
1358 2
1355 2
1359 1360
1360 2
1359 1361
1361 2
1359 1362
1362 2
1359 1046
1046 2
1359 1363
1363 2
1359 2
1364 1365
1365 2
1364 2
1366 1367
1367 2
1366 1368
1368 2
1366 2
1369 1370
1370 2
1369 1371
1371 2
1369 2
1372 1373
1373 2
1372 2
1374 1375
1375 2
1374 1289
1289 2
1374 371
371 2
1374 986
986 2
1374 2
1376 1059
1059 2
1376 2
1377 815
815 2
1377 2
1378 1379
1379 2
1378 1380
1380 2
1378 1381
1381 2
1378 636
636 2
1378 530
530 2
1378 2
1382 981
981 2
1382 1383
1383 2
1382 2
1384 1385
1385 2
1384 1386
1386 2
1384 2
1387 1388
1388 2
1387 1389
1389 2
1387 1390
1390 2
1387 2
1391 841
841 2
1391 71
71 2
1391 2
1392 1393
1393 2
1392 744
744 2
1392 2
1394 813
813 2
1394 2
1395 995
995 2
1395 679
679 2
1395 2
1396 1258
1258 2
1396 1397
1397 2
1396 581
581 2
1396 2
1398 299
299 2
1398 2
1399 1400
1400 2
1399 1047
1047 2
1399 1046
1046 2
1399 2
1401 1402
1402 2
1401 1403
1403 2
1401 2
1404 1280
1280 2
1404 441
441 2
1404 2
1405 769
769 2
1405 1406
1406 2
1405 1347
1347 2
1405 2
1407 1408
1408 2
1407 2
1409 1410
1410 2
1409 409
409 2
1409 2
1411 1412
1412 2
1411 1289
1289 2
1411 371
371 2
1411 2
1413 1414
1414 2
1413 513
513 2
1413 1415
1415 2
1413 2
1416 654
654 2
1416 1417
1417 2
1416 2
1418 22
22 2
1418 1419
1419 2
1418 1420
1420 2
1418 2
1421 1422
1422 2
1421 1423
1423 2
1421 1380
1380 2
1421 1424
1424 2
1421 530
530 2
1421 2
1425 1426
1426 2
1425 2
1427 573
573 2
1427 854
854 2
1427 574
574 2
1427 276
276 2
1427 2
1428 995
995 2
1428 848
848 2
1428 679
679 2
1428 2
1429 1430
1430 2
1429 1431
1431 2
1429 349
349 2
1429 2
1432 1433
1433 2
1432 1434
1434 2
1432 1435
1435 2
1432 1436
1436 2
1432 2
1437 1015
1015 2
1437 1438
1438 2
1437 1013
1013 2
1437 2
1439 1440
1440 2
1439 1441
1441 2
1439 2
1442 104
104 2
1442 106
106 2
1442 2
1443 408
408 2
1443 1444
1444 2
1443 2
1445 1446
1446 2
1445 1447
1447 2
1445 1448
1448 2
1445 2
1449 1235
1235 2
1449 274
274 2
1449 2
1450 1451
1451 2
1450 321
321 2
1450 476
476 2
1450 2
1452 1453
1453 2
1452 390
390 2
1452 2
1454 1455
1455 2
1454 1456
1456 2
1454 2
1457 286
286 2
1457 1458
1458 2
1457 1162
1162 2
1457 2
1459 1135
1135 2
1459 2
1460 1461
1461 2
1460 2
1462 1101
1101 2
1462 276
276 2
1462 2
1463 353
353 2
1463 2
1464 1198
1198 2
1464 1465
1465 2
1464 1466
1466 2
1464 2
1467 70
70 2
1467 47
47 2
1467 2
1468 1469
1469 2
1468 1470
1470 2
1468 2
1471 697
697 2
1471 346
346 2
1471 2
1472 1473
1473 2
1472 1474
1474 2
1472 1475
1475 2
1472 2
1476 1133
1133 2
1476 2
1477 1478
1478 2
1477 2
1479 1480
1480 2
1479 1481
1481 2
1479 2
1482 70
70 2
1482 1483
1483 2
1482 2
1484 1485
1485 2
1484 1203
1203 2
1484 2
1486 1487
1487 2
1486 2
1488 973
973 2
1488 2
1489 1101
1101 2
1489 517
517 2
1489 276
276 2
1489 2
1490 1491
1491 2
1490 1492
1492 2
1490 1493
1493 2
1490 1494
1494 2
1490 1495
1495 2
1490 1496
1496 2
1490 2
1497 1498
1498 2
1497 2
1499 1500
1500 2
1499 1501
1501 2
1499 2
1502 1118
1118 2
1502 1211
1211 2
1502 2
1503 1504
1504 2
1503 393
393 2
1503 2
1505 606
606 2
1505 2
1506 14
14 2
1506 276
276 2
1506 2
1507 1508
1508 2
1507 1509
1509 2
1507 2
1510 14
14 2
1510 1511
1511 2
1510 1512
1512 2
1510 2
1513 206
206 2
1513 1514
1514 2
1513 1515
1515 2
1513 2
1516 1517
1517 2
1516 1518
1518 2
1516 2
1519 726
726 2
1519 1520
1520 2
1519 2
1521 1522
1522 2
1521 1523
1523 2
1521 1524
1524 2
1521 2
1525 649
649 2
1525 1224
1224 2
1525 1526
1526 2
1525 1474
1474 2
1525 1527
1527 2
1525 1528
1528 2
1525 2
1529 1508
1508 2
1529 2
1530 1531
1531 2
1530 1532
1532 2
1530 2
1533 1534
1534 2
1533 1535
1535 2
1533 2
1536 1537
1537 2
1536 2
1538 1539
1539 2
1538 2
1540 1541
1541 2
1540 1542
1542 2
1540 2
1543 1478
1478 2
1543 2
1544 1545
1545 2
1544 1546
1546 2
1544 2
1547 1172
1172 2
1547 2
1548 584
584 2
1548 2
1549 1550
1550 2
1549 2
1551 1552
1552 2
1551 2
1553 1235
1235 2
1553 2
1554 914
914 2
1554 2
1555 1556
1556 2
1555 2
1557 1558
1558 2
1557 1559
1559 2
1557 2
1560 1561
1561 2
1560 1116
1116 2
1560 1562
1562 2
1560 1563
1563 2
1560 2
1564 649
649 2
1564 1565
1565 2
1564 1566
1566 2
1564 2
1567 1568
1568 2
1567 1569
1569 2
1567 2
1570 1571
1571 2
1570 2
1572 1573
1573 2
1572 1574
1574 2
1572 1575
1575 2
1572 2
1576 649
649 2
1576 60
60 2
1576 1566
1566 2
1576 2
1577 438
438 2
1577 517
517 2
1577 276
276 2
1577 2
1578 395
395 2
1578 409
409 2
1578 2
1579 942
942 2
1579 2
1580 1118
1118 2
1580 1581
1581 2
1580 1203
1203 2
1580 2
1582 166
166 2
1582 1583
1583 2
1582 1584
1584 2
1582 2
1585 1235
1235 2
1585 806
806 2
1585 2
1586 422
422 2
1586 47
47 2
1586 2
1587 90
90 2
1587 1588
1588 2
1587 2
1589 726
726 2
1589 517
517 2
1589 276
276 2
1589 2
1590 14
14 2
1590 2
1591 1537
1537 2
1591 2
1592 70
70 2
1592 2
1593 973
973 2
1593 2
1594 1133
1133 2
1594 2
1595 1111
1111 2
1595 1596
1596 2
1595 2
1597 773
773 2
1597 1598
1598 2
1597 1203
1203 2
1597 2
1599 1111
1111 2
1599 2
1600 1601
1601 2
1600 2
1602 1603
1603 2
1602 2
1604 438
438 2
1604 517
517 2
1604 2
1605 1606
1606 2
1605 93
93 2
1605 2
1607 1606
1606 2
1607 93
93 2
1607 2
1608 348
348 2
1608 389
389 2
1608 2
1609 1556
1556 2
1609 2
1610 1522
1522 2
1610 1611
1611 2
1610 2
1612 357
357 2
1612 274
274 2
1612 2
1613 1614
1614 2
1613 2
1615 1571
1571 2
1615 2
1616 482
482 2
1616 806
806 2
1616 2
1617 1618
1618 2
1617 1619
1619 2
1617 2
1620 1550
1550 2
1620 1621
1621 2
1620 1622
1622 2
1620 2
1623 1624
1624 2
1623 1625
1625 2
1623 2
1626 1627
1627 2
1626 1628
1628 2
1626 1629
1629 2
1626 2
1630 1631
1631 2
1630 19
19 2
1630 2
1632 504
504 2
1632 488
488 2
1632 2
1633 1634
1634 2
1633 1635
1635 2
1633 2
1636 1118
1118 2
1636 1637
1637 2
1636 1203
1203 2
1636 2
1638 1198
1198 2
1638 1441
1441 2
1638 806
806 2
1638 2
1639 14
14 2
1639 409
409 2
1639 2
1640 1198
1198 2
1640 2
1641 14
14 2
1641 30
30 2
1641 2
1642 353
353 2
1642 1643
1643 2
1642 2
1644 1645
1645 2
1644 2
1646 1647
1647 2
1646 1648
1648 2
1646 2
1649 84
84 2
1649 2
1650 438
438 2
1650 2
1651 1652
1652 2
1651 1653
1653 2
1651 2
1654 584
584 2
1654 1655
1655 2
1654 2
1656 363
363 2
1656 1657
1657 2
1656 1658
1658 2
1656 2
1659 724
724 2
1659 1660
1660 2
1659 2
1661 1662
1662 2
1661 1663
1663 2
1661 182
182 2
1661 2
1664 1665
1665 2
1664 1474
1474 2
1664 2
1666 353
353 2
1666 1667
1667 2
1666 1668
1668 2
1666 513
513 2
1666 2
1669 995
995 2
1669 679
679 2
1669 2
1670 1671
1671 2
1670 1672
1672 2
1670 1673
1673 2
1670 2
1674 535
535 2
1674 2
1675 1408
1408 2
1675 1419
1419 2
1675 2
1676 1280
1280 2
1676 2
1677 573
573 2
1677 854
854 2
1677 574
574 2
1677 276
276 2
1677 2
1678 1679
1679 2
1678 744
744 2
1678 1680
1680 2
1678 2
1681 1039
1039 2
1681 19
19 2
1681 2
1682 726
726 2
1682 540
540 2
1682 1683
1683 2
1682 2
1684 1685
1685 2
1684 2
1686 408
408 2
1686 1687
1687 2
1686 2
1688 570
570 2
1688 1689
1689 2
1688 2
1690 1691
1691 2
1690 1363
1363 2
1690 1692
1692 2
1690 476
476 2
1690 2
1693 1694
1694 2
1693 1695
1695 2
1693 2
1696 1697
1697 2
1696 1035
1035 2
1696 1698
1698 2
1696 2
1699 841
841 2
1699 2
1700 981
981 2
1700 1383
1383 2
1700 1701
1701 2
1700 2
1702 1703
1703 2
1702 2
1704 1705
1705 2
1704 1706
1706 2
1704 2
1707 1708
1708 2
1707 1013
1013 2
1707 1709
1709 2
1707 2
1710 1430
1430 2
1710 1711
1711 2
1710 2
1712 1713
1713 2
1712 1381
1381 2
1712 636
636 2
1712 1714
1714 2
1712 2
1715 1716
1716 2
1715 1717
1717 2
1715 1718
1718 2
1715 2
1719 815
815 2
1719 1720
1720 2
1719 2
1721 1722
1722 2
1721 1723
1723 2
1721 1724
1724 2
1721 2
1725 1726
1726 2
1725 1013
1013 2
1725 1727
1727 2
1725 1728
1728 2
1725 2
1729 1730
1730 2
1729 1731
1731 2
1729 1732
1732 2
1729 2
1733 1734
1734 2
1733 986
986 2
1733 2
1735 981
981 2
1735 1383
1383 2
1735 1736
1736 2
1735 1737
1737 2
1735 1738
1738 2
1735 2
1739 1740
1740 2
1739 2
1741 1742
1742 2
1741 1341
1341 2
1741 2
1743 70
70 2
1743 1744
1744 2
1743 349
349 2
1743 2
1745 1746
1746 2
1745 2
1747 726
726 2
1747 1748
1748 2
1747 1749
1749 2
1747 1240
1240 2
1747 1750
1750 2
1747 2
1751 1752
1752 2
1751 2
1753 1754
1754 2
1753 1755
1755 2
1753 71
71 2
1753 2
1756 726
726 2
1756 540
540 2
1756 1347
1347 2
1756 1683
1683 2
1756 2
1757 1758
1758 2
1757 1759
1759 2
1757 409
409 2
1757 2
1760 677
677 2
1760 581
581 2
1760 1761
1761 2
1760 1762
1762 2
1760 2
1763 1764
1764 2
1763 1765
1765 2
1763 1766
1766 2
1763 2
1767 1768
1768 2
1767 1769
1769 2
1767 1770
1770 2
1767 2
1771 1772
1772 2
1771 1773
1773 2
1771 2
1774 1775
1775 2
1774 2
1776 860
860 2
1776 1777
1777 2
1776 2
1778 1694
1694 2
1778 1695
1695 2
1778 2
1779 1780
1780 2
1779 1781
1781 2
1779 1782
1782 2
1779 2
1783 981
981 2
1783 1383
1383 2
1783 1784
1784 2
1783 2
1785 1786
1786 2
1785 370
370 2
1785 1352
1352 2
1785 2
1787 1788
1788 2
1787 1789
1789 2
1787 982
982 2
1787 2
1790 1791
1791 2
1790 2
1792 1793
1793 2
1792 1794
1794 2
1792 2
1795 995
995 2
1795 1796
1796 2
1795 1441
1441 2
1795 679
679 2
1795 2
1797 573
573 2
1797 854
854 2
1797 574
574 2
1797 1724
1724 2
1797 2
1798 1799
1799 2
1798 1800
1800 2
1798 2
1801 1802
1802 2
1801 530
530 2
1801 2
1803 1804
1804 2
1803 1406
1406 2
1803 2
1805 1422
1422 2
1805 1806
1806 2
1805 2
1807 1808
1808 2
1807 2
1809 1810
1810 2
1809 1811
1811 2
1809 2
1812 1813
1813 2
1812 1814
1814 2
1812 540
540 2
1812 2
1815 1816
1816 2
1815 1817
1817 2
1815 2
1818 1819
1819 2
1818 1820
1820 2
1818 1821
1821 2
1818 1822
1822 2
1818 1823
1823 2
1818 1824
1824 2
1818 1825
1825 2
1818 2
1826 995
995 2
1826 679
679 2
1826 2
1827 677
677 2
1827 848
848 2
1827 1828
1828 2
1827 2
1829 1830
1830 2
1829 2
1831 841
841 2
1831 71
71 2
1831 2
1832 604
604 2
1832 2
1833 1834
1834 2
1833 581
581 2
1833 2
1835 1836
1836 2
1835 2
1837 1021
1021 2
1837 19
19 2
1837 2
1838 1839
1839 2
1838 1840
1840 2
1838 2
1841 1842
1842 2
1841 1843
1843 2
1841 1706
1706 2
1841 2
1844 1845
1845 2
1844 1846
1846 2
1844 1847
1847 2
1844 1706
1706 2
1844 2
1848 1849
1849 2
1848 1850
1850 2
1848 1851
1851 2
1848 2
1852 981
981 2
1852 2
1853 1854
1854 2
1853 540
540 2
1853 1855
1855 2
1853 1347
1347 2
1853 2
1856 1810
1810 2
1856 1520
1520 2
1856 1857
1857 2
1856 2
1858 726
726 2
1858 1859
1859 2
1858 1748
1748 2
1858 1860
1860 2
1858 1240
1240 2
1858 1032
1032 2
1858 2
1861 1862
1862 2
1861 858
858 2
1861 1863
1863 2
1861 1864
1864 2
1861 2
1865 921
921 2
1865 2
1866 1780
1780 2
1866 1781
1781 2
1866 1782
1782 2
1866 2
1867 1868
1868 2
1867 2
1869 1331
1331 2
1869 1870
1870 2
1869 2
1871 1802
1802 2
1871 1872
1872 2
1871 530
530 2
1871 2
1873 311
311 2
1873 1874
1874 2
1873 1695
1695 2
1873 387
387 2
1873 2
1875 1734
1734 2
1875 986
986 2
1875 2
1876 1877
1877 2
1876 1878
1878 2
1876 1879
1879 2
1876 1880
1880 2
1876 2
1881 70
70 2
1881 349
349 2
1881 1744
1744 2
1881 2
1882 1754
1754 2
1882 1883
1883 2
1882 1884
1884 2
1882 2
1885 1886
1886 2
1885 2
1887 976
976 2
1887 1888
1888 2
1887 1889
1889 2
1887 1890
1890 2
1887 2
1891 1892
1892 2
1891 354
354 2
1891 1075
1075 2
1891 2
1893 1799
1799 2
1893 1894
1894 2
1893 1800
1800 2
1893 1895
1895 2
1893 2
1896 1897
1897 2
1896 393
393 2
1896 2
1898 70
70 2
1898 1899
1899 2
1898 1900
1900 2
1898 349
349 2
1898 2
1901 1902
1902 2
1901 1903
1903 2
1901 446
446 2
1901 1904
1904 2
1901 1905
1905 2
1901 2
1906 1907
1907 2
1906 736
736 2
1906 18
18 2
1906 2
1908 1909
1909 2
1908 1910
1910 2
1908 1698
1698 2
1908 1035
1035 2
1908 1261
1261 2
1908 2
1911 1912
1912 2
1911 1913
1913 2
1911 2
1914 604
604 2
1914 1915
1915 2
1914 1347
1347 2
1914 2
1916 981
981 2
1916 1917
1917 2
1916 2
1918 726
726 2
1918 2
1919 445
445 2
1919 2
1920 1021
1021 2
1920 2
1921 1922
1922 2
1921 540
540 2
1921 1750
1750 2
1921 2
1923 1754
1754 2
1923 1755
1755 2
1923 71
71 2
1923 1924
1924 2
1923 2
1925 1775
1775 2
1925 1926
1926 2
1925 1927
1927 2
1925 346
346 2
1925 2
1928 1929
1929 2
1928 2
1930 1931
1931 2
1930 679
679 2
1930 2
1932 981
981 2
1932 1701
1701 2
1932 1933
1933 2
1932 2
1934 1935
1935 2
1934 1936
1936 2
1934 2
1937 1938
1938 2
1937 1939
1939 2
1937 2
1940 1941
1941 2
1940 1942
1942 2
1940 1943
1943 2
1940 1944
1944 2
1940 1945
1945 2
1940 1946
1946 2
1940 1947
1947 2
1940 2
1948 1949
1949 2
1948 1013
1013 2
1948 2
1950 1951
1951 2
1950 19
19 2
1950 2
1952 1953
1953 2
1952 819
819 2
1952 1954
1954 2
1952 2
1955 1956
1956 2
1955 1957
1957 2
1955 1958
1958 2
1955 1959
1959 2
1955 2
1960 1961
1961 2
1960 1962
1962 2
1960 1872
1872 2
1960 2
1963 1836
1836 2
1963 2
1964 1965
1965 2
1964 1966
1966 2
1964 2
1967 1912
1912 2
1967 1968
1968 2
1967 1969
1969 2
1967 2
1970 1331
1331 2
1970 1971
1971 2
1970 1870
1870 2
1970 2
1972 1973
1973 2
1972 1974
1974 2
1972 1975
1975 2
1972 1976
1976 2
1972 1977
1977 2
1972 2
1978 1734
1734 2
1978 1290
1290 2
1978 986
986 2
1978 371
371 2
1978 2
1979 1412
1412 2
1979 1980
1980 2
1979 2
1981 311
311 2
1981 1982
1982 2
1981 2
1983 1984
1984 2
1983 1985
1985 2
1983 2
1986 1987
1987 2
1986 1988
1988 2
1986 1989
1989 2
1986 1990
1990 2
1986 2
1991 1992
1992 2
1991 1993
1993 2
1991 1994
1994 2
1991 387
387 2
1991 1995
1995 2
1991 2
1996 697
697 2
1996 346
346 2
1996 393
393 2
1996 1997
1997 2
1996 2
1998 1999
1999 2
1998 2
2000 2001
2001 2
2000 2002
2002 2
2000 2003
2003 2
2000 2
2004 2005
2005 2
2004 1748
1748 2
2004 1240
1240 2
2004 2
2006 2007
2007 2
2006 2008
2008 2
2006 2
2009 2010
2010 2
2009 2
2011 2012
2012 2
2011 744
744 2
2011 2
2013 981
981 2
2013 2014
2014 2
2013 1035
1035 2
2013 2
2015 1740
1740 2
2015 2
2016 2017
2017 2
2016 2018
2018 2
2016 2019
2019 2
2016 2
2020 2021
2021 2
2020 2
2022 2023
2023 2
2022 2024
2024 2
2022 2025
2025 2
2022 2026
2026 2
2022 2027
2027 2
2022 2
2028 2029
2029 2
2028 2030
2030 2
2028 2031
2031 2
2028 2
2032 1999
1999 2
2032 2033
2033 2
2032 2
2034 1245
1245 2
2034 1828
1828 2
2034 1341
1341 2
2034 2
2035 2036
2036 2
2035 2037
2037 2
2035 2038
2038 2
2035 2
2039 2040
2040 2
2039 2041
2041 2
2039 857
857 2
2039 2042
2042 2
2039 2043
2043 2
2039 1242
1242 2
2039 2
2044 2045
2045 2
2044 1870
1870 2
2044 2
2046 726
726 2
2046 540
540 2
2046 1683
1683 2
2046 1347
1347 2
2046 2
2047 2048
2048 2
2047 1723
1723 2
2047 574
574 2
2047 1724
1724 2
2047 2
2049 345
345 2
2049 393
393 2
2049 2050
2050 2
2049 2
2051 2052
2052 2
2051 1035
1035 2
2051 2
2053 981
981 2
2053 1701
1701 2
2053 1933
1933 2
2053 2
2054 2055
2055 2
2054 2
2056 2057
2057 2
2056 2050
2050 2
2056 2
2058 2059
2059 2
2058 2060
2060 2
2058 349
349 2
2058 2
2061 2062
2062 2
2061 2063
2063 2
2061 2064
2064 2
2061 2065
2065 2
2061 2
2066 2067
2067 2
2066 2068
2068 2
2066 530
530 2
2066 2
2069 2070
2070 2
2069 2071
2071 2
2069 2
2072 2073
2073 2
2072 2
2074 1922
1922 2
2074 1980
1980 2
2074 986
986 2
2074 1750
1750 2
2074 2
2075 1430
1430 2
2075 1888
1888 2
2075 1431
1431 2
2075 1889
1889 2
2075 1890
1890 2
2075 2
2076 2077
2077 2
2076 2078
2078 2
2076 1013
1013 2
2076 2079
2079 2
2076 2
2080 2081
2081 2
2080 2082
2082 2
2080 1846
1846 2
2080 2083
2083 2
2080 1847
1847 2
2080 2084
2084 2
2080 2
2085 2086
2086 2
2085 2060
2060 2
2085 2
2087 2012
2012 2
2087 744
744 2
2087 2
2088 1951
1951 2
2088 19
19 2
2088 2
2089 769
769 2
2089 2090
2090 2
2089 1347
1347 2
2089 2050
2050 2
2089 2
2091 995
995 2
2091 2092
2092 2
2091 2093
2093 2
2091 2
2094 2086
2086 2
2094 413
413 2
2094 2
2095 726
726 2
2095 540
540 2
2095 1917
1917 2
2095 1683
1683 2
2095 2
2096 2097
2097 2
2096 2098
2098 2
2096 2
2099 2100
2100 2
2099 2
2101 2102
2102 2
2101 2103
2103 2
2101 1945
1945 2
2101 2
2104 2105
2105 2
2104 2106
2106 2
2104 2107
2107 2
2104 2108
2108 2
2104 2
2109 1734
1734 2
2109 1290
1290 2
2109 2110
2110 2
2109 2
2111 1836
1836 2
2111 2
2112 1021
1021 2
2112 2113
2113 2
2112 19
19 2
2112 2
2114 2115
2115 2
2114 2116
2116 2
2114 744
744 2
2114 2
2117 22
22 2
2117 540
540 2
2117 2
2118 445
445 2
2118 2119
2119 2
2118 2
2120 1754
1754 2
2120 1917
1917 2
2120 2121
2121 2
2120 2
2122 1245
1245 2
2122 2
2123 1708
1708 2
2123 1441
1441 2
2123 2124
2124 2
2123 2
2125 1375
1375 2
2125 2126
2126 2
2125 2127
2127 2
2125 2128
2128 2
2125 480
480 2
2125 2
2129 1734
1734 2
2129 1980
1980 2
2129 2
2130 2131
2131 2
2130 2132
2132 2
2130 1748
1748 2
2130 2
2133 2005
2005 2
2133 1945
1945 2
2133 2
2134 70
70 2
2134 1261
1261 2
2134 71
71 2
2134 2
2135 1245
1245 2
2135 1828
1828 2
2135 2136
2136 2
2135 1341
1341 2
2135 2137
2137 2
2135 2
2138 1909
1909 2
2138 2139
2139 2
2138 2
2140 1999
1999 2
2140 1261
1261 2
2140 2
2141 2142
2142 2
2141 2143
2143 2
2141 2144
2144 2
2141 2145
2145 2
2141 2
2146 2147
2147 2
2146 2148
2148 2
2146 2019
2019 2
2146 2
2149 2150
2150 2
2149 2151
2151 2
2149 501
501 2
2149 2
2152 2153
2153 2
2152 2154
2154 2
2152 2155
2155 2
2152 2156
2156 2
2152 2
2157 2158
2158 2
2157 2159
2159 2
2157 2160
2160 2
2157 2
2161 2162
2162 2
2161 2
2163 2012
2012 2
2163 1748
1748 2
2163 2164
2164 2
2163 370
370 2
2163 1032
1032 2
2163 2165
2165 2
2163 2166
2166 2
2163 2167
2167 2
2163 2
2168 2169
2169 2
2168 2
2170 726
726 2
2170 540
540 2
2170 1683
1683 2
2170 1347
1347 2
2170 2
2171 2172
2172 2
2171 679
679 2
2171 2173
2173 2
2171 2
2174 348
348 2
2174 540
540 2
2174 806
806 2
2174 2
2175 981
981 2
2175 2176
2176 2
2175 2177
2177 2
2175 2
2178 2179
2179 2
2178 2
2180 445
445 2
2180 2
2181 1722
1722 2
2181 413
413 2
2181 2182
2182 2
2181 2
2183 70
70 2
2183 2184
2184 2
2183 2185
2185 2
2183 2
2186 1245
1245 2
2186 1828
1828 2
2186 2
2187 2188
2188 2
2187 2189
2189 2
2187 2190
2190 2
2187 744
744 2
2187 2
2191 2192
2192 2
2191 2193
2193 2
2191 2194
2194 2
2191 2195
2195 2
2191 1242
1242 2
2191 2196
2196 2
2191 2
2197 2040
2040 2
2197 1748
1748 2
2197 2198
2198 2
2197 2
2199 860
860 2
2199 2200
2200 2
2199 2201
2201 2
2199 2202
2202 2
2199 2
2203 2204
2204 2
2203 2205
2205 2
2203 5
5 2
2203 2
2206 2207
2207 2
2206 2208
2208 2
2206 2209
2209 2
2206 2210
2210 2
2206 2
2211 2212
2212 2
2211 2213
2213 2
2211 2
2214 1069
1069 2
2214 2
2215 2216
2216 2
2215 2217
2217 2
2215 2
2218 2212
2212 2
2218 2
2219 2220
2220 2
2219 2
2221 2222
2222 2
2221 2
2223 1408
1408 2
2223 767
767 2
2223 2
2224 1021
1021 2
2224 2113
2113 2
2224 19
19 2
2224 2
2225 2226
2226 2
2225 679
679 2
2225 2137
2137 2
2225 2119
2119 2
2225 2
2227 70
70 2
2227 413
413 2
2227 2228
2228 2
2227 2
2229 2230
2230 2
2229 1957
1957 2
2229 2
2231 1412
1412 2
2231 1872
1872 2
2231 2
2232 1285
1285 2
2232 2233
2233 2
2232 2
2234 804
804 2
2234 2
2235 2236
2236 2
2235 1759
1759 2
2235 679
679 2
2235 2237
2237 2
2235 2
2238 1951
1951 2
2238 2239
2239 2
2238 2
2240 677
677 2
2240 2241
2241 2
2240 2242
2242 2
2240 2
2243 32
32 2
2243 540
540 2
2243 2
2244 2245
2245 2
2244 2246
2246 2
2244 2124
2124 2
2244 2
2247 2248
2248 2
2247 744
744 2
2247 2
2249 27
27 2
2249 2250
2250 2
2249 2
2251 1734
1734 2
2251 986
986 2
2251 2202
2202 2
2251 2213
2213 2
2251 2
2252 1836
1836 2
2252 2
2253 2254
2254 2
2253 2124
2124 2
2253 2
2255 2256
2256 2
2255 2257
2257 2
2255 1933
1933 2
2255 332
332 2
2255 2
2258 2259
2259 2
2258 2189
2189 2
2258 2116
2116 2
2258 2190
2190 2
2258 1980
1980 2
2258 2
2260 2261
2261 2
2260 2262
2262 2
2260 2
2263 1726
1726 2
2263 2264
2264 2
2263 2
2265 1922
1922 2
2265 2
2266 1245
1245 2
2266 1828
1828 2
2266 2
2267 2268
2268 2
2267 2
2269 2270
2270 2
2269 679
679 2
2269 2173
2173 2
2269 2
2271 2012
2012 2
2271 2272
2272 2
2271 744
744 2
2271 2
2273 2274
2274 2
2273 1383
1383 2
2273 349
349 2
2273 2
2275 995
995 2
2275 2092
2092 2
2275 2276
2276 2
2275 2093
2093 2
2275 2
2277 1742
1742 2
2277 2278
2278 2
2277 1035
1035 2
2277 2
2279 2280
2280 2
2279 2281
2281 2
2279 2282
2282 2
2279 1341
1341 2
2279 2
2283 2284
2284 2
2283 540
540 2
2283 1347
1347 2
2283 2
2285 726
726 2
2285 2113
2113 2
2285 2286
2286 2
2285 2287
2287 2
2285 2288
2288 2
2285 2
2289 2290
2290 2
2289 2291
2291 2
2289 2063
2063 2
2289 2
2292 2216
2216 2
2292 2293
2293 2
2292 2202
2202 2
2292 2213
2213 2
2292 2
2294 1912
1912 2
2294 1913
1913 2
2294 1969
1969 2
2294 2
2295 1816
1816 2
2295 1817
1817 2
2295 2
2296 2297
2297 2
2296 983
983 2
2296 2
2298 2274
2274 2
2298 349
349 2
2298 2
2299 1430
1430 2
2299 1431
1431 2
2299 2
2300 2301
2301 2
2300 2302
2302 2
2300 2303
2303 2
2300 2
2304 2305
2305 2
2304 986
986 2
2304 2306
2306 2
2304 1851
1851 2
2304 2
2307 2308
2308 2
2307 2201
2201 2
2307 2
2309 995
995 2
2309 2092
2092 2
2309 2310
2310 2
2309 2
2311 445
445 2
2311 2
2312 1245
1245 2
2312 1828
1828 2
2312 2313
2313 2
2312 2
2314 2308
2308 2
2314 2201
2201 2
2314 2
2315 2308
2308 2
2315 2201
2201 2
2315 2
2316 2317
2317 2
2316 2202
2202 2
2316 2
2318 2319
2319 2
2318 2320
2320 2
2318 2
2321 2322
2322 2
2321 2323
2323 2
2321 2019
2019 2
2321 2
2324 2322
2322 2
2324 2323
2323 2
2324 349
349 2
2324 2019
2019 2
2324 2
2325 2326
2326 2
2325 2327
2327 2
2325 2328
2328 2
2325 339
339 2
2325 2
2329 1074
1074 2
2329 1406
1406 2
2329 349
349 2
2329 2330
2330 2
2329 2331
2331 2
2329 2
2332 2226
2226 2
2332 679
679 2
2332 2276
2276 2
2332 2
2333 1951
1951 2
2333 2334
2334 2
2333 1794
1794 2
2333 2
2335 677
677 2
2335 413
413 2
2335 2336
2336 2
2335 2
2337 2338
2338 2
2337 744
744 2
2337 2
2339 995
995 2
2339 2092
2092 2
2339 2
2340 2341
2341 2
2340 2
2342 2343
2343 2
2342 2282
2282 2
2342 1341
1341 2
2342 2
2344 2345
2345 2
2344 2346
2346 2
2344 2
2347 1951
1951 2
2347 19
19 2
2347 2
2348 70
70 2
2348 2349
2349 2
2348 2350
2350 2
2348 2351
2351 2
2348 2
2352 2353
2353 2
2352 1341
1341 2
2352 581
581 2
2352 2
2354 726
726 2
2354 2113
2113 2
2354 2286
2286 2
2354 2287
2287 2
2354 2288
2288 2
2354 2
2355 304
304 2
2355 2
2356 2357
2357 2
2356 1962
1962 2
2356 1980
1980 2
2356 2
2358 2359
2359 2
2358 2360
2360 2
2358 2361
2361 2
2358 2
2362 860
860 2
2362 2208
2208 2
2362 2363
2363 2
2362 2364
2364 2
2362 2293
2293 2
2362 2202
2202 2
2362 2
2365 353
353 2
2365 540
540 2
2365 393
393 2
2365 2
2366 2367
2367 2
2366 2368
2368 2
2366 2239
2239 2
2366 2369
2369 2
2366 2
2370 2371
2371 2
2370 2291
2291 2
2370 2372
2372 2
2370 2
2373 2374
2374 2
2373 2
2375 2376
2376 2
2375 2377
2377 2
2375 2
2378 1726
1726 2
2378 2379
2379 2
2378 2
2380 2381
2381 2
2380 2092
2092 2
2380 1701
1701 2
2380 2382
2382 2
2380 2
2383 2384
2384 2
2383 2282
2282 2
2383 2
2385 2386
2386 2
2385 2
2387 2308
2308 2
2387 2201
2201 2
2387 2
2388 2389
2389 2
2388 2
2390 2391
2391 2
2390 2
2392 2393
2393 2
2392 2394
2394 2
2392 2395
2395 2
2392 2
2396 2338
2338 2
2396 2397
2397 2
2396 2398
2398 2
2396 2399
2399 2
2396 744
744 2
2396 2
2400 726
726 2
2400 540
540 2
2400 2
2401 1951
1951 2
2401 2
2402 2403
2403 2
2402 2404
2404 2
2402 2
2405 2406
2406 2
2405 2110
2110 2
2405 2
2407 860
860 2
2407 2408
2408 2
2407 2409
2409 2
2407 2410
2410 2
2407 2
2411 2412
2412 2
2411 2276
2276 2
2411 2413
2413 2
2411 2
2414 2226
2226 2
2414 679
679 2
2414 2415
2415 2
2414 2
2416 2417
2417 2
2416 848
848 2
2416 1828
1828 2
2416 2
2418 2419
2419 2
2418 2420
2420 2
2418 2110
2110 2
2418 1773
1773 2
2418 2
2421 2422
2422 2
2421 1773
1773 2
2421 2
2423 2424
2424 2
2423 2202
2202 2
2423 2213
2213 2
2423 2
2425 2426
2426 2
2425 2427
2427 2
2425 2428
2428 2
2425 2
2429 1426
1426 2
2429 276
276 2
2429 1441
1441 2
2429 517
517 2
2429 2060
2060 2
2429 71
71 2
2429 1341
1341 2
2429 2
2430 726
726 2
2430 2113
2113 2
2430 2431
2431 2
2430 2050
2050 2
2430 2
2432 2268
2268 2
2432 2
2433 2434
2434 2
2433 1261
1261 2
2433 2
2435 2436
2436 2
2435 2437
2437 2
2435 2
2438 2439
2439 2
2438 2440
2440 2
2438 2
2441 443
443 2
2441 2
2442 2443
2443 2
2442 2415
2415 2
2442 276
276 2
2442 2
2444 70
70 2
2444 71
71 2
2444 2
2445 981
981 2
2445 2
2446 2447
2447 2
2446 679
679 2
2446 2119
2119 2
2446 2
2448 2220
2220 2
2448 2
2449 2443
2443 2
2449 2
2450 2359
2359 2
2450 2
2451 2353
2353 2
2451 581
581 2
2451 571
571 2
2451 2
2452 860
860 2
2452 2453
2453 2
2452 2454
2454 2
2452 2455
2455 2
2452 2202
2202 2
2452 2410
2410 2
2452 2
2456 2457
2457 2
2456 2458
2458 2
2456 23
23 2
2456 2459
2459 2
2456 390
390 2
2456 2
2460 2461
2461 2
2460 2462
2462 2
2460 854
854 2
2460 2463
2463 2
2460 2464
2464 2
2460 2
2465 1951
1951 2
2465 540
540 2
2465 2
2466 2467
2467 2
2466 2468
2468 2
2466 2033
2033 2
2466 2469
2469 2
2466 2
2470 2471
2471 2
2470 2472
2472 2
2470 744
744 2
2470 2
2473 2474
2474 2
2473 2201
2201 2
2473 2475
2475 2
2473 2476
2476 2
2473 2477
2477 2
2473 2
2478 445
445 2
2478 2310
2310 2
2478 2479
2479 2
2478 2
2480 2481
2481 2
2480 2482
2482 2
2480 2
2483 2484
2484 2
2483 1261
1261 2
2483 2485
2485 2
2483 2
2486 2487
2487 2
2486 2488
2488 2
2486 2182
2182 2
2486 413
413 2
2486 2
2489 2490
2490 2
2489 2491
2491 2
2489 2492
2492 2
2489 2
2493 573
573 2
2493 854
854 2
2493 2464
2464 2
2493 2
2494 677
677 2
2494 349
349 2
2494 393
393 2
2494 2
2495 2359
2359 2
2495 2496
2496 2
2495 1749
1749 2
2495 2497
2497 2
2495 2
2498 2389
2389 2
2498 2
2499 2500
2500 2
2499 1870
1870 2
2499 1261
1261 2
2499 2
2501 445
445 2
2501 2
2502 604
604 2
2502 1701
1701 2
2502 2503
2503 2
2502 2504
2504 2
2502 2
2505 1951
1951 2
2505 2
2506 1430
1430 2
2506 2
2507 1245
1245 2
2507 1828
1828 2
2507 679
679 2
2507 2
2508 2509
2509 2
2508 2382
2382 2
2508 2
2510 467
467 2
2510 2
2511 2512
2512 2
2511 2513
2513 2
2511 2201
2201 2
2511 2
2514 677
677 2
2514 2468
2468 2
2514 2515
2515 2
2514 2
2516 2353
2353 2
2516 2517
2517 2
2516 1341
1341 2
2516 2518
2518 2
2516 2
2519 1912
1912 2
2519 1968
1968 2
2519 2520
2520 2
2519 2521
2521 2
2519 2522
2522 2
2519 2
2523 2524
2524 2
2523 2525
2525 2
2523 2
2526 2297
2297 2
2526 983
983 2
2526 2
2527 2471
2471 2
2527 2472
2472 2
2527 744
744 2
2527 2
2528 726
726 2
2528 2113
2113 2
2528 2431
2431 2
2528 2050
2050 2
2528 2
2529 2367
2367 2
2529 2530
2530 2
2529 2531
2531 2
2529 2369
2369 2
2529 2
2532 995
995 2
2532 413
413 2
2532 2533
2533 2
2532 2
2534 2216
2216 2
2534 2535
2535 2
2534 2124
2124 2
2534 2
2536 981
981 2
2536 2537
2537 2
2536 2538
2538 2
2536 2
2539 2540
2540 2
2539 2541
2541 2
2539 2128
2128 2
2539 2542
2542 2
2539 480
480 2
2539 2
2543 2226
2226 2
2543 2415
2415 2
2543 276
276 2
2543 2
2544 2216
2216 2
2544 2545
2545 2
2544 2
