0 1
0 2
3 4
3 5
3 2
6 7
6 2
8 9
8 2
10 11
10 12
10 2
13 14
13 15
13 2
16 17
16 18
16 19
16 20
16 2
21 22
21 23
21 24
21 25
21 19
21 20
21 2
26 27
26 2
28 29
28 30
28 2
31 32
31 2
33 17
33 34
33 2
35 36
35 37
35 2
38 39
38 2
40 41
40 42
40 2
43 44
43 2
45 46
45 47
45 2
48 49
48 50
48 51
48 2
52 53
52 54
52 2
55 56
55 57
55 2
58 59
58 60
58 2
61 62
61 63
61 2
64 65
64 66
64 2
67 68
67 2
69 70
69 71
69 2
72 73
72 74
72 2
75 76
75 2
77 78
77 2
79 80
79 81
79 2
82 59
82 2
83 84
83 2
85 86
85 2
87 88
87 2
89 90
89 91
89 92
89 93
89 94
89 2
95 96
95 97
95 2
98 99
98 100
98 2
101 102
101 2
103 104
103 105
103 106
103 2
107 108
107 109
107 2
110 111
110 2
112 113
112 114
112 115
112 116
112 2
117 118
117 119
117 2
120 121
120 122
120 2
123 124
123 2
125 126
125 2
127 128
127 129
127 2
130 131
130 2
132 133
132 2
134 135
134 136
134 137
134 2
138 139
138 140
138 2
141 142
141 2
143 144
143 2
145 146
145 2
147 148
147 149
147 2
150 90
150 151
150 152
150 92
150 2
153 154
153 155
153 2
156 157
156 2
158 159
158 2
160 161
160 162
160 163
160 164
160 2
165 166
165 164
165 2
167 90
167 92
167 2
168 169
168 170
168 136
168 2
171 172
171 173
171 174
171 2
175 176
175 2
177 178
177 179
177 2
180 181
180 152
180 182
180 2
183 154
183 2
184 185
184 2
186 1
186 2
187 178
187 2
188 189
188 2
190 191
190 2
192 193
192 2
194 146
194 195
194 2
196 96
196 197
196 2
198 169
198 2
199 200
199 2
201 202
201 2
203 108
203 204
203 2
205 206
205 2
207 208
207 2
209 210
209 211
209 2
212 213
212 2
214 86
214 2
215 216
215 2
217 185
217 218
217 2
219 181
219 155
219 220
219 221
219 2
222 223
222 2
224 225
224 155
224 2
226 227
226 119
226 2
228 229
228 2
230 231
230 2
232 233
232 234
232 2
235 236
235 237
235 2
238 236
238 239
238 2
240 241
240 2
242 243
242 244
242 2
245 246
245 2
247 248
247 249
247 2
250 251
250 2
252 253
252 254
252 2
255 256
255 257
255 2
258 259
258 260
258 2
261 262
261 263
261 2
264 265
264 266
264 2
267 268
267 269
267 2
270 271
270 2
272 273
272 274
272 275
272 276
272 2
277 22
277 278
277 30
277 2
279 280
279 2
281 282
281 283
281 284
281 2
285 286
285 287
285 2
288 289
288 290
288 2
291 292
291 293
291 2
294 295
294 296
294 297
294 2
298 299
298 2
300 301
300 302
300 2
303 304
303 2
305 306
305 307
305 2
308 309
308 2
310 311
310 312
310 5
310 2
313 314
313 2
315 316
315 317
315 318
315 2
319 320
319 321
319 2
322 323
322 2
324 299
324 2
325 326
325 327
325 2
328 329
328 19
328 2
330 331
330 332
330 2
333 111
333 106
333 334
333 2
335 336
335 2
337 338
337 339
337 2
340 341
340 342
340 343
340 2
344 345
344 346
344 2
347 348
347 349
347 2
350 351
350 71
350 2
352 353
352 354
352 2
355 348
355 2
356 357
356 30
356 2
358 70
358 359
358 71
358 2
360 361
360 2
362 363
362 2
364 304
364 276
364 2
365 366
365 19
365 2
367 368
367 2
369 348
369 370
369 371
369 372
369 2
373 374
373 5
373 375
373 2
376 299
376 19
376 2
377 378
377 2
379 380
379 381
379 2
382 383
382 384
382 2
385 386
385 387
385 388
385 389
385 390
385 2
391 348
391 349
391 2
392 345
392 393
392 2
394 395
394 2
396 397
396 398
396 399
396 2
400 401
400 402
400 403
400 2
404 405
404 406
404 2
407 408
407 409
407 410
407 2
411 412
411 413
411 2
414 415
414 2
416 417
416 418
416 419
416 420
416 2
421 422
421 423
421 2
424 425
424 370
424 2
426 427
426 2
428 429
428 2
430 299
430 2
431 432
431 433
431 2
434 435
434 2
436 323
436 2
437 438
437 439
437 2
440 345
440 393
440 441
440 2
442 443
442 2
444 445
444 446
444 2
447 351
447 349
447 2
448 304
448 276
448 2
449 450
449 2
451 452
451 2
453 454
453 455
453 388
453 389
453 390
453 2
456 366
456 433
456 19
456 60
456 2
457 435
457 2
458 304
458 2
459 460
459 2
461 412
461 413
461 2
462 463
462 464
462 2
465 378
465 2
466 467
466 339
466 468
466 469
466 2
470 415
470 471
470 2
472 473
472 474
472 475
472 476
472 2
477 478
477 479
477 480
477 2
481 482
481 483
481 484
481 485
481 2
486 487
486 488
486 2
489 490
489 47
489 491
489 2
492 493
492 71
492 2
494 495
494 496
494 2
497 454
497 389
497 498
497 2
499 500
499 501
499 502
499 2
503 504
503 2
226 505
226 506
226 2
507 508
507 398
507 2
509 510
509 511
509 2
512 353
512 513
512 2
240 514
240 2
187 378
187 2
515 516
515 19
515 517
515 276
515 2
518 519
518 2
520 521
520 522
520 2
523 467
523 339
523 469
523 2
524 525
524 526
524 2
527 528
527 42
527 2
529 432
529 19
529 517
529 530
529 2
531 532
531 372
531 2
533 326
533 2
534 535
534 2
536 537
536 538
536 2
539 304
539 540
539 2
541 542
541 2
543 304
543 276
543 2
544 545
544 546
544 547
544 2
548 549
548 406
548 402
548 2
550 401
550 551
550 402
550 552
550 2
553 554
553 2
555 445
555 446
555 2
556 557
556 558
556 2
559 560
559 561
559 562
559 393
559 2
563 306
563 60
563 2
564 557
564 346
564 2
565 566
565 567
565 2
568 273
568 274
568 2
569 570
569 349
569 571
569 2
572 573
572 574
572 2
575 576
575 577
575 2
578 412
578 413
578 538
578 2
579 580
579 581
579 393
579 2
582 351
582 513
582 2
583 584
583 2
585 408
585 586
585 587
585 2
588 59
588 589
588 2
590 591
590 592
590 593
590 2
594 595
594 339
594 2
596 482
596 597
596 410
596 2
598 401
598 402
598 2
599 600
599 2
601 602
601 2
603 604
603 276
603 2
605 606
605 2
607 357
607 2
608 609
608 349
608 2
610 611
610 612
610 2
613 614
613 409
613 349
613 2
615 616
615 2
617 329
617 618
617 619
617 620
617 2
621 351
621 513
621 2
622 415
622 623
622 2
624 473
624 474
624 625
624 2
626 604
626 2
627 628
627 629
627 2
630 631
630 632
630 2
633 634
633 635
633 636
633 2
637 84
637 2
638 639
638 640
638 2
641 642
641 2
643 644
643 409
643 19
643 2
645 646
645 19
645 517
645 2
647 614
647 433
647 498
647 2
648 649
648 2
650 651
650 71
650 2
652 368
652 513
652 2
653 654
653 655
653 656
653 657
653 2
658 644
658 19
658 2
659 660
659 2
661 299
661 2
662 663
662 47
662 2
664 665
664 666
664 346
664 581
664 2
667 445
667 2
668 669
668 670
668 2
671 672
671 2
673 353
673 2
674 675
674 2
676 677
676 678
676 679
676 446
676 2
680 639
680 640
680 2
681 351
681 513
681 2
682 683
682 684
682 685
682 2
686 70
686 687
686 581
686 2
688 689
688 2
690 691
690 692
690 384
690 2
693 694
693 695
693 164
693 2
696 697
696 698
696 699
696 2
700 348
700 349
700 701
700 2
702 677
702 703
702 679
702 2
704 705
704 371
704 2
706 707
706 2
708 473
708 474
708 2
709 710
709 711
709 2
712 311
712 713
712 390
712 2
714 715
714 716
714 717
714 718
714 2
719 614
719 409
719 433
719 2
720 721
720 722
720 2
723 724
723 2
725 726
725 2
727 644
727 728
727 517
727 2
729 646
729 517
729 2
730 731
730 2
732 353
732 2
733 734
733 735
733 736
733 2
737 738
737 739
737 2
740 741
740 387
740 390
740 2
742 357
742 30
742 2
743 644
743 744
743 2
745 746
745 513
745 2
747 748
747 749
747 370
747 2
750 353
750 2
751 697
751 581
751 393
751 2
752 753
752 754
752 755
752 393
752 2
756 757
756 758
756 759
756 760
756 2
761 677
761 679
761 2
762 348
762 763
762 764
762 2
765 766
765 767
765 2
768 769
768 2
770 70
770 71
770 2
771 570
771 349
771 2
772 773
772 774
772 2
775 776
775 777
775 501
775 2
778 401
778 402
778 779
778 2
780 781
780 389
780 2
782 783
782 2
784 785
784 786
784 787
784 788
784 2
789 790
789 538
789 791
789 792
789 2
793 794
793 795
793 332
793 2
796 797
796 798
796 799
796 2
800 801
800 802
800 2
803 804
803 805
803 806
803 2
807 808
807 370
807 809
807 810
807 2
811 726
811 2
812 813
812 581
812 2
814 815
814 816
814 2
817 818
817 819
817 820
817 821
817 2
822 304
822 2
823 824
823 825
823 2
826 827
826 828
826 2
829 830
829 831
829 832
829 2
833 834
833 835
833 2
836 837
836 838
836 839
836 390
836 2
840 841
840 71
840 2
842 677
842 679
842 2
843 844
843 754
843 393
843 2
845 846
845 2
847 769
847 848
847 849
847 2
850 851
850 852
850 744
850 2
853 573
853 854
853 574
853 2
855 357
855 856
855 857
855 858
855 2
859 860
859 861
859 862
859 863
859 864
859 2
865 70
865 71
865 866
865 867
865 2
868 869
868 870
868 2
871 813
871 393
871 581
871 441
871 2
872 604
872 873
872 874
872 2
875 604
875 276
875 2
876 877
876 878
876 879
876 2
880 881
880 2
882 883
882 2
884 885
884 886
884 2
887 70
887 888
887 2
889 890
889 678
889 891
889 2
892 893
892 894
892 895
892 896
892 2
897 898
897 899
897 900
897 2
901 902
901 19
901 2
903 904
903 2
905 70
905 274
905 571
905 2
906 907
906 908
906 2
909 595
909 339
909 2
910 911
910 2
912 604
912 276
912 2
913 914
913 915
913 916
913 2
917 918
917 919
917 2
920 921
920 922
920 923
920 2
924 27
924 925
924 926
924 777
924 2
927 206
927 2
928 602
928 2
929 930
929 2
931 932
931 2
933 299
933 2
934 935
934 63
934 2
936 937
936 2
938 600
938 2
939 940
939 2
941 942
941 5
941 2
943 70
943 944
943 71
943 2
945 606
945 2
946 947
946 919
946 2
948 949
948 950
948 2
951 508
951 398
951 2
952 953
952 2
954 482
954 597
954 410
954 2
955 306
955 956
955 307
955 370
955 2
957 958
957 959
957 916
957 2
960 961
960 296
960 2
962 963
962 498
962 2
964 965
964 966
964 2
967 415
967 2
590 591
590 968
590 593
590 2
969 609
969 409
969 2
970 697
970 346
970 971
970 2
972 973
972 23
972 2
974 70
974 2
975 976
975 977
975 978
975 979
975 2
980 981
980 982
980 983
980 2
984 985
984 986
984 987
984 2
988 989
988 990
988 991
988 2
992 769
992 993
992 849
992 2
994 995
994 996
994 997
994 2
998 999
998 571
998 2
1000 1001
1000 1002
1000 2
1003 1004
1003 2
1005 677
1005 679
1005 2
1006 1007
1006 1008
1006 1009
1006 1010
1006 2
1011 1012
1011 1013
1011 370
1011 2
1014 1015
1014 1016
1014 1017
1014 2
1018 1019
1018 2
1020 1021
1020 1022
1020 1023
1020 2
1024 1025
1024 1026
1024 2
1027 351
1027 1028
1027 1029
1027 2
1030 1031
1030 1032
1030 2
1033 573
1033 854
1033 574
1033 276
1033 2
1034 813
1034 1035
1034 2
1036 1037
1036 744
1036 2
1038 1039
1038 1022
1038 19
1038 2
1040 1041
1040 1042
1040 2
1043 614
1043 419
1043 371
1043 2
1044 1045
1044 1046
1044 1047
1044 2
1048 1049
1048 1050
1048 371
1048 2
1051 785
1051 1052
1051 1053
1051 788
1051 2
1054 427
1054 2
1055 1056
1055 1057
1055 2
1058 1059
1058 1060
1058 788
1058 2
1061 1062
1061 1063
1061 1064
1061 1065
1061 2
1066 1067
1066 2
1068 1069
1068 1070
1068 480
1068 2
1071 1072
1071 321
1071 2
1073 1074
1073 1075
1073 2
1076 1077
1076 774
1076 2
627 628
627 629
627 2
1078 609
1078 349
1078 2
1079 368
1079 513
1079 2
1080 631
1080 632
1080 2
1081 1082
1081 71
1081 2
1083 1084
1083 2
1085 1086
1085 1087
1085 1088
1085 1089
1085 2
1090 1091
1090 1092
1090 1093
1090 2
1094 1095
1094 1096
1094 2
1097 1098
1097 2
1099 504
1099 2
1100 1101
1100 2
1102 1103
1102 1104
1102 5
1102 2
1105 580
1105 393
1105 2
1106 353
1106 513
1106 2
1107 510
1107 370
1107 390
1107 2
1108 415
1108 1109
1108 2
1110 1111
1110 276
1110 2
1112 1113
1112 2
1114 516
1114 1115
1114 1116
1114 2
1117 1118
1117 1119
1117 2
1120 1121
1120 1122
1120 2
1123 1124
1123 42
1123 2
1125 29
1125 2
1126 1127
1126 2
1128 1129
1128 2
1130 395
1130 1131
1130 2
1132 1133
1132 2
1134 1135
1134 2
1136 29
1136 629
1136 2
1137 1138
1137 923
1137 2
1139 1140
1139 398
1139 2
1141 378
1141 1142
1141 1143
1141 2
1144 604
1144 806
1144 2
1145 70
1145 71
1145 2
1146 1147
1146 1116
1146 2
1148 1149
1148 1150
1148 2
1151 1152
1151 1153
1151 1154
1151 2
1155 1156
1155 1157
1155 2
1158 907
1158 908
1158 2
1159 1160
1159 2
1161 769
1161 1162
1161 1163
1161 2
1164 1165
1164 2
1166 1167
1166 321
1166 2
1168 1169
1168 339
1168 2
1170 84
1170 2
1171 1172
1171 2
1173 649
1173 398
1173 2
1174 1175
1174 2
1176 59
1176 2
1177 1178
1177 1179
1177 2
1180 1181
1180 1182
1180 2
1183 84
1183 2
1184 1185
1184 441
1184 2
1186 1187
1186 18
1186 2
1188 1189
1188 1190
1188 2
1191 29
1191 806
1191 2
1192 383
1192 30
1192 2
1193 1194
1193 1195
1193 1196
1193 2
1197 1198
1197 1199
1197 1200
1197 2
1201 1202
1201 1203
1201 1204
1201 2
1205 1206
1205 2
1207 1208
1207 2
1209 1210
1209 1211
1209 2
1212 1213
1212 1214
1212 1215
1212 2
1216 59
1216 2
1217 773
1217 1218
1217 2
1219 1220
1219 2
1221 70
1221 71
1221 2
1222 697
1222 2
1223 73
1223 1224
1223 1225
1223 2
1226 357
1226 30
1226 2
1227 1228
1227 2
1229 65
1229 1230
1229 2
1231 1232
1231 1233
1231 2
1234 1235
1234 274
1234 1211
1234 2
1236 973
1236 413
1236 2
1237 1238
1237 857
1237 1239
1237 1240
1237 1241
1237 1242
1237 2
1243 1037
1243 744
1243 71
1243 2
1244 1245
1244 1246
1244 2
1247 1248
1247 71
1247 2
1249 351
1249 1029
1249 2
1250 573
1250 276
1250 1251
1250 574
1250 2
1252 1253
1252 852
1252 1254
1252 2
1255 84
1255 2
1256 1031
1256 23
1256 857
1256 2
1257 1258
1257 2
1259 677
1259 1260
1259 679
1259 1261
1259 2
1262 1263
1262 2
1264 1265
1264 1266
1264 2
1267 818
1267 1268
1267 819
1267 821
1267 2
1269 813
1269 1035
1269 2
1270 1271
1270 1272
1270 2
1273 1274
1273 1275
1273 1276
1273 1277
1273 2
1278 860
1278 861
1278 862
1278 2
1279 1280
1279 441
1279 2
1281 432
1281 2
1282 1283
1282 986
1282 371
1282 2
1284 1285
1284 1286
1284 2
1287 1288
1287 1289
1287 1290
1287 986
1287 2
1291 435
1291 1292
1291 2
1293 1294
1293 1295
1293 1296
1293 1297
1293 2
1298 1299
1298 1300
1298 2
1301 1302
1301 2
1303 1304
1303 1305
1303 636
1303 1306
1303 2
1307 1308
1307 1309
1307 2
1310 1311
1310 339
1310 1312
1310 1289
1310 2
1313 769
1313 848
1313 849
1313 2
859 860
859 861
859 862
859 1314
859 480
859 2
855 357
855 857
855 856
855 858
855 2
865 70
865 71
865 866
865 867
865 2
840 841
840 71
840 2
875 604
875 276
875 2
1315 973
1315 2
1316 646
1316 1317
1316 2
1318 1319
1318 744
1318 2
1320 1039
1320 19
1320 2
1321 357
1321 30
1321 2
1322 1323
1322 1324
1322 1325
1322 372
1322 2
1326 1327
1326 5
1326 1328
1326 1329
1326 2
1330 1331
1330 2
1332 1333
1332 2
1334 726
1334 1335
1334 1336
1334 2
1337 1245
1337 679
1337 2
1338 1339
1338 2
1340 976
1340 349
1340 1341
1340 744
1340 71
1340 2
1342 70
1342 1261
1342 71
1342 2
1343 570
1343 1344
1343 2
1345 1346
1345 1347
1345 2
1348 677
1348 679
1348 1035
1348 1261
1348 2
1349 981
1349 982
1349 983
1349 2
1350 1351
1350 1352
1350 1353
1350 339
1350 2
1354 1021
1354 1022
1354 19
1354 2
1355 1356
1355 1357
1355 986
1355 1358
1355 2
1359 1360
1359 1361
1359 1362
1359 1046
1359 1363
1359 2
1364 1365
1364 2
1366 1367
1366 1368
1366 2
1369 1370
1369 1371
1369 2
1372 1373
1372 2
1374 1375
1374 1289
1374 371
1374 986
1374 2
1376 1059
1376 2
1377 815
1377 2
1378 1379
1378 1380
1378 1381
1378 636
1378 530
1378 2
1382 981
1382 1383
1382 2
1384 1385
1384 1386
1384 2
1387 1388
1387 1389
1387 1390
1387 2
1391 841
1391 71
1391 2
1392 1393
1392 744
1392 2
1394 813
1394 2
1395 995
1395 679
1395 2
1396 1258
1396 1397
1396 581
1396 2
1398 299
1398 2
1399 1400
1399 1047
1399 1046
1399 2
1401 1402
1401 1403
1401 2
1404 1280
1404 441
1404 2
1405 769
1405 1406
1405 1347
1405 2
1407 1408
1407 2
1409 1410
1409 409
1409 2
1411 1412
1411 1289
1411 371
1411 2
1413 1414
1413 513
1413 1415
1413 2
1416 654
1416 1417
1416 2
1418 22
1418 1419
1418 1420
1418 2
1421 1422
1421 1423
1421 1380
1421 1424
1421 530
1421 2
1425 1426
1425 2
1427 573
1427 854
1427 574
1427 276
1427 2
1428 995
1428 848
1428 679
1428 2
1429 1430
1429 1431
1429 349
1429 2
1432 1433
1432 1434
1432 1435
1432 1436
1432 2
1437 1015
1437 1438
1437 1013
1437 2
1439 1440
1439 1441
1439 2
1442 104
1442 106
1442 2
1443 408
1443 1444
1443 2
1445 1446
1445 1447
1445 1448
1445 2
1449 1235
1449 274
1449 2
1450 1451
1450 321
1450 476
1450 2
1452 1453
1452 390
1452 2
1454 1455
1454 1456
1454 2
1457 286
1457 1458
1457 1162
1457 2
1459 1135
1459 2
1460 1461
1460 2
1462 1101
1462 276
1462 2
1463 353
1463 2
1464 1198
1464 1465
1464 1466
1464 2
1467 70
1467 47
1467 2
1468 1469
1468 1470
1468 2
1471 697
1471 346
1471 2
1472 1473
1472 1474
1472 1475
1472 2
1476 1133
1476 2
1477 1478
1477 2
1479 1480
1479 1481
1479 2
1482 70
1482 1483
1482 2
1484 1485
1484 1203
1484 2
1486 1487
1486 2
1488 973
1488 2
1489 1101
1489 517
1489 276
1489 2
1490 1491
1490 1492
1490 1493
1490 1494
1490 1495
1490 1496
1490 2
1497 1498
1497 2
1499 1500
1499 1501
1499 2
1502 1118
1502 1211
1502 2
1503 1504
1503 393
1503 2
1505 606
1505 2
1506 14
1506 276
1506 2
1507 1508
1507 1509
1507 2
1510 14
1510 1511
1510 1512
1510 2
1513 206
1513 1514
1513 1515
1513 2
1516 1517
1516 1518
1516 2
1519 726
1519 1520
1519 2
1521 1522
1521 1523
1521 1524
1521 2
1525 649
1525 1224
1525 1526
1525 1474
1525 1527
1525 1528
1525 2
1529 1508
1529 2
1530 1531
1530 1532
1530 2
1533 1534
1533 1535
1533 2
1536 1537
1536 2
1538 1539
1538 2
1540 1541
1540 1542
1540 2
1543 1478
1543 2
1544 1545
1544 1546
1544 2
1547 1172
1547 2
1548 584
1548 2
1549 1550
1549 2
1551 1552
1551 2
1553 1235
1553 2
1554 914
1554 2
1555 1556
1555 2
1557 1558
1557 1559
1557 2
1560 1561
1560 1116
1560 1562
1560 1563
1560 2
1564 649
1564 1565
1564 1566
1564 2
1567 1568
1567 1569
1567 2
1570 1571
1570 2
1572 1573
1572 1574
1572 1575
1572 2
1576 649
1576 60
1576 1566
1576 2
1577 438
1577 517
1577 276
1577 2
1578 395
1578 409
1578 2
1579 942
1579 2
1580 1118
1580 1581
1580 1203
1580 2
1582 166
1582 1583
1582 1584
1582 2
1585 1235
1585 806
1585 2
1586 422
1586 47
1586 2
1587 90
1587 1588
1587 2
1589 726
1589 517
1589 276
1589 2
1590 14
1590 2
1591 1537
1591 2
1592 70
1592 2
1593 973
1593 2
1594 1133
1594 2
1595 1111
1595 1596
1595 2
1597 773
1597 1598
1597 1203
1597 2
1599 1111
1599 2
1600 1601
1600 2
1602 1603
1602 2
1604 438
1604 517
1604 2
1605 1606
1605 93
1605 2
1607 1606
1607 93
1607 2
1608 348
1608 389
1608 2
1609 1556
1609 2
1610 1522
1610 1611
1610 2
1612 357
1612 274
1612 2
1613 1614
1613 2
1615 1571
1615 2
1616 482
1616 806
1616 2
1617 1618
1617 1619
1617 2
1620 1550
1620 1621
1620 1622
1620 2
1623 1624
1623 1625
1623 2
1626 1627
1626 1628
1626 1629
1626 2
1630 1631
1630 19
1630 2
1632 504
1632 488
1632 2
1633 1634
1633 1635
1633 2
1636 1118
1636 1637
1636 1203
1636 2
1638 1198
1638 1441
1638 806
1638 2
1639 14
1639 409
1639 2
1640 1198
1640 2
1641 14
1641 30
1641 2
1642 353
1642 1643
1642 2
1644 1645
1644 2
1646 1647
1646 1648
1646 2
1649 84
1649 2
1650 438
1650 2
1651 1652
1651 1653
1651 2
1654 584
1654 1655
1654 2
1656 363
1656 1657
1656 1658
1656 2
1659 724
1659 1660
1659 2
1661 1662
1661 1663
1661 182
1661 2
1664 1665
1664 1474
1664 2
1666 353
1666 1667
1666 1668
1666 513
1666 2
1669 995
1669 679
1669 2
1670 1671
1670 1672
1670 1673
1670 2
1674 535
1674 2
1675 1408
1675 1419
1675 2
1676 1280
1676 2
1677 573
1677 854
1677 574
1677 276
1677 2
1678 1679
1678 744
1678 1680
1678 2
1681 1039
1681 19
1681 2
1682 726
1682 540
1682 1683
1682 2
1684 1685
1684 2
1686 408
1686 1687
1686 2
1688 570
1688 1689
1688 2
1690 1691
1690 1363
1690 1692
1690 476
1690 2
1693 1694
1693 1695
1693 2
1696 1697
1696 1035
1696 1698
1696 2
1699 841
1699 2
1700 981
1700 1383
1700 1701
1700 2
1702 1703
1702 2
1704 1705
1704 1706
1704 2
1707 1708
1707 1013
1707 1709
1707 2
1710 1430
1710 1711
1710 2
1712 1713
1712 1381
1712 636
1712 1714
1712 2
1715 1716
1715 1717
1715 1718
1715 2
1719 815
1719 1720
1719 2
1721 1722
1721 1723
1721 1724
1721 2
1725 1726
1725 1013
1725 1727
1725 1728
1725 2
1729 1730
1729 1731
1729 1732
1729 2
1733 1734
1733 986
1733 2
1735 981
1735 1383
1735 1736
1735 1737
1735 1738
1735 2
1739 1740
1739 2
1741 1742
1741 1341
1741 2
1743 70
1743 1744
1743 349
1743 2
1745 1746
1745 2
1747 726
1747 1748
1747 1749
1747 1240
1747 1750
1747 2
1751 1752
1751 2
1753 1754
1753 1755
1753 71
1753 2
1756 726
1756 540
1756 1347
1756 1683
1756 2
1757 1758
1757 1759
1757 409
1757 2
1760 677
1760 581
1760 1761
1760 1762
1760 2
1763 1764
1763 1765
1763 1766
1763 2
1767 1768
1767 1769
1767 1770
1767 2
1771 1772
1771 1773
1771 2
1774 1775
1774 2
1776 860
1776 1777
1776 2
1778 1694
1778 1695
1778 2
1779 1780
1779 1781
1779 1782
1779 2
1783 981
1783 1383
1783 1784
1783 2
1785 1786
1785 370
1785 1352
1785 2
1787 1788
1787 1789
1787 982
1787 2
1790 1791
1790 2
1792 1793
1792 1794
1792 2
1795 995
1795 1796
1795 1441
1795 679
1795 2
1797 573
1797 854
1797 574
1797 1724
1797 2
1798 1799
1798 1800
1798 2
1801 1802
1801 530
1801 2
1803 1804
1803 1406
1803 2
1805 1422
1805 1806
1805 2
1807 1808
1807 2
1809 1810
1809 1811
1809 2
1812 1813
1812 1814
1812 540
1812 2
1815 1816
1815 1817
1815 2
1818 1819
1818 1820
1818 1821
1818 1822
1818 1823
1818 1824
1818 1825
1818 2
1826 995
1826 679
1826 2
1827 677
1827 848
1827 1828
1827 2
1829 1830
1829 2
1831 841
1831 71
1831 2
1832 604
1832 2
1833 1834
1833 581
1833 2
1835 1836
1835 2
1837 1021
1837 19
1837 2
1838 1839
1838 1840
1838 2
1841 1842
1841 1843
1841 1706
1841 2
1844 1845
1844 1846
1844 1847
1844 1706
1844 2
1848 1849
1848 1850
1848 1851
1848 2
1852 981
1852 2
1853 1854
1853 540
1853 1855
1853 1347
1853 2
1856 1810
1856 1520
1856 1857
1856 2
1858 726
1858 1859
1858 1748
1858 1860
1858 1240
1858 1032
1858 2
1861 1862
1861 858
1861 1863
1861 1864
1861 2
1865 921
1865 2
1866 1780
1866 1781
1866 1782
1866 2
1867 1868
1867 2
1869 1331
1869 1870
1869 2
1871 1802
1871 1872
1871 530
1871 2
1873 311
1873 1874
1873 1695
1873 387
1873 2
1875 1734
1875 986
1875 2
1876 1877
1876 1878
1876 1879
1876 1880
1876 2
1881 70
1881 349
1881 1744
1881 2
1882 1754
1882 1883
1882 1884
1882 2
1885 1886
1885 2
1887 976
1887 1888
1887 1889
1887 1890
1887 2
1891 1892
1891 354
1891 1075
1891 2
1893 1799
1893 1894
1893 1800
1893 1895
1893 2
1896 1897
1896 393
1896 2
1898 70
1898 1899
1898 1900
1898 349
1898 2
1901 1902
1901 1903
1901 446
1901 1904
1901 1905
1901 2
1906 1907
1906 736
1906 18
1906 2
1908 1909
1908 1910
1908 1698
1908 1035
1908 1261
1908 2
1911 1912
1911 1913
1911 2
1914 604
1914 1915
1914 1347
1914 2
1916 981
1916 1917
1916 2
1918 726
1918 2
1919 445
1919 2
1920 1021
1920 2
1921 1922
1921 540
1921 1750
1921 2
1923 1754
1923 1755
1923 71
1923 1924
1923 2
1925 1775
1925 1926
1925 1927
1925 346
1925 2
1928 1929
1928 2
1930 1931
1930 679
1930 2
1932 981
1932 1701
1932 1933
1932 2
1934 1935
1934 1936
1934 2
1937 1938
1937 1939
1937 2
1940 1941
1940 1942
1940 1943
1940 1944
1940 1945
1940 1946
1940 1947
1940 2
1948 1949
1948 1013
1948 2
1950 1951
1950 19
1950 2
1952 1953
1952 819
1952 1954
1952 2
1955 1956
1955 1957
1955 1958
1955 1959
1955 2
1960 1961
1960 1962
1960 1872
1960 2
1963 1836
1963 2
1964 1965
1964 1966
1964 2
1967 1912
1967 1968
1967 1969
1967 2
1970 1331
1970 1971
1970 1870
1970 2
1972 1973
1972 1974
1972 1975
1972 1976
1972 1977
1972 2
1978 1734
1978 1290
1978 986
1978 371
1978 2
1979 1412
1979 1980
1979 2
1981 311
1981 1982
1981 2
1983 1984
1983 1985
1983 2
1986 1987
1986 1988
1986 1989
1986 1990
1986 2
1991 1992
1991 1993
1991 1994
1991 387
1991 1995
1991 2
1996 697
1996 346
1996 393
1996 1997
1996 2
1998 1999
1998 2
2000 2001
2000 2002
2000 2003
2000 2
2004 2005
2004 1748
2004 1240
2004 2
2006 2007
2006 2008
2006 2
2009 2010
2009 2
2011 2012
2011 744
2011 2
2013 981
2013 2014
2013 1035
2013 2
2015 1740
2015 2
2016 2017
2016 2018
2016 2019
2016 2
2020 2021
2020 2
2022 2023
2022 2024
2022 2025
2022 2026
2022 2027
2022 2
2028 2029
2028 2030
2028 2031
2028 2
2032 1999
2032 2033
2032 2
2034 1245
2034 1828
2034 1341
2034 2
2035 2036
2035 2037
2035 2038
2035 2
2039 2040
2039 2041
2039 857
2039 2042
2039 2043
2039 1242
2039 2
2044 2045
2044 1870
2044 2
2046 726
2046 540
2046 1683
2046 1347
2046 2
2047 2048
2047 1723
2047 574
2047 1724
2047 2
2049 345
2049 393
2049 2050
2049 2
2051 2052
2051 1035
2051 2
2053 981
2053 1701
2053 1933
2053 2
2054 2055
2054 2
2056 2057
2056 2050
2056 2
2058 2059
2058 2060
2058 349
2058 2
2061 2062
2061 2063
2061 2064
2061 2065
2061 2
2066 2067
2066 2068
2066 530
2066 2
2069 2070
2069 2071
2069 2
2072 2073
2072 2
2074 1922
2074 1980
2074 986
2074 1750
2074 2
2075 1430
2075 1888
2075 1431
2075 1889
2075 1890
2075 2
2076 2077
2076 2078
2076 1013
2076 2079
2076 2
2080 2081
2080 2082
2080 1846
2080 2083
2080 1847
2080 2084
2080 2
2085 2086
2085 2060
2085 2
2087 2012
2087 744
2087 2
2088 1951
2088 19
2088 2
2089 769
2089 2090
2089 1347
2089 2050
2089 2
2091 995
2091 2092
2091 2093
2091 2
2094 2086
2094 413
2094 2
2095 726
2095 540
2095 1917
2095 1683
2095 2
2096 2097
2096 2098
2096 2
2099 2100
2099 2
2101 2102
2101 2103
2101 1945
2101 2
2104 2105
2104 2106
2104 2107
2104 2108
2104 2
2109 1734
2109 1290
2109 2110
2109 2
2111 1836
2111 2
2112 1021
2112 2113
2112 19
2112 2
2114 2115
2114 2116
2114 744
2114 2
2117 22
2117 540
2117 2
2118 445
2118 2119
2118 2
2120 1754
2120 1917
2120 2121
2120 2
2122 1245
2122 2
2123 1708
2123 1441
2123 2124
2123 2
2125 1375
2125 2126
2125 2127
2125 2128
2125 480
2125 2
2129 1734
2129 1980
2129 2
2130 2131
2130 2132
2130 1748
2130 2
2133 2005
2133 1945
2133 2
2134 70
2134 1261
2134 71
2134 2
2135 1245
2135 1828
2135 2136
2135 1341
2135 2137
2135 2
2138 1909
2138 2139
2138 2
2140 1999
2140 1261
2140 2
2141 2142
2141 2143
2141 2144
2141 2145
2141 2
2146 2147
2146 2148
2146 2019
2146 2
2149 2150
2149 2151
2149 501
2149 2
2152 2153
2152 2154
2152 2155
2152 2156
2152 2
2157 2158
2157 2159
2157 2160
2157 2
2161 2162
2161 2
2163 2012
2163 1748
2163 2164
2163 370
2163 1032
2163 2165
2163 2166
2163 2167
2163 2
2168 2169
2168 2
2170 726
2170 540
2170 1683
2170 1347
2170 2
2171 2172
2171 679
2171 2173
2171 2
2174 348
2174 540
2174 806
2174 2
2175 981
2175 2176
2175 2177
2175 2
2178 2179
2178 2
2180 445
2180 2
2181 1722
2181 413
2181 2182
2181 2
2183 70
2183 2184
2183 2185
2183 2
2186 1245
2186 1828
2186 2
2187 2188
2187 2189
2187 2190
2187 744
2187 2
2191 2192
2191 2193
2191 2194
2191 2195
2191 1242
2191 2196
2191 2
2197 2040
2197 1748
2197 2198
2197 2
2199 860
2199 2200
2199 2201
2199 2202
2199 2
2203 2204
2203 2205
2203 5
2203 2
2206 2207
2206 2208
2206 2209
2206 2210
2206 2
2211 2212
2211 2213
2211 2
2214 1069
2214 2
2215 2216
2215 2217
2215 2
2218 2212
2218 2
2219 2220
2219 2
2221 2222
2221 2
2223 1408
2223 767
2223 2
2224 1021
2224 2113
2224 19
2224 2
2225 2226
2225 679
2225 2137
2225 2119
2225 2
2227 70
2227 413
2227 2228
2227 2
2229 2230
2229 1957
2229 2
2231 1412
2231 1872
2231 2
2232 1285
2232 2233
2232 2
2234 804
2234 2
2235 2236
2235 1759
2235 679
2235 2237
2235 2
2238 1951
2238 2239
2238 2
2240 677
2240 2241
2240 2242
2240 2
2243 32
2243 540
2243 2
2244 2245
2244 2246
2244 2124
2244 2
2247 2248
2247 744
2247 2
2249 27
2249 2250
2249 2
2251 1734
2251 986
2251 2202
2251 2213
2251 2
2252 1836
2252 2
2253 2254
2253 2124
2253 2
2255 2256
2255 2257
2255 1933
2255 332
2255 2
2258 2259
2258 2189
2258 2116
2258 2190
2258 1980
2258 2
2260 2261
2260 2262
2260 2
2263 1726
2263 2264
2263 2
2265 1922
2265 2
2266 1245
2266 1828
2266 2
2267 2268
2267 2
2269 2270
2269 679
2269 2173
2269 2
2271 2012
2271 2272
2271 744
2271 2
2273 2274
2273 1383
2273 349
2273 2
2275 995
2275 2092
2275 2276
2275 2093
2275 2
2277 1742
2277 2278
2277 1035
2277 2
2279 2280
2279 2281
2279 2282
2279 1341
2279 2
2283 2284
2283 540
2283 1347
2283 2
2285 726
2285 2113
2285 2286
2285 2287
2285 2288
2285 2
2289 2290
2289 2291
2289 2063
2289 2
2292 2216
2292 2293
2292 2202
2292 2213
2292 2
2294 1912
2294 1913
2294 1969
2294 2
2295 1816
2295 1817
2295 2
2296 2297
2296 983
2296 2
2298 2274
2298 349
2298 2
2299 1430
2299 1431
2299 2
2300 2301
2300 2302
2300 2303
2300 2
2304 2305
2304 986
2304 2306
2304 1851
2304 2
2307 2308
2307 2201
2307 2
2309 995
2309 2092
2309 2310
2309 2
2311 445
2311 2
2312 1245
2312 1828
2312 2313
2312 2
2314 2308
2314 2201
2314 2
2315 2308
2315 2201
2315 2
2316 2317
2316 2202
2316 2
2318 2319
2318 2320
2318 2
2321 2322
2321 2323
2321 2019
2321 2
2324 2322
2324 2323
2324 349
2324 2019
2324 2
2325 2326
2325 2327
2325 2328
2325 339
2325 2
2329 1074
2329 1406
2329 349
2329 2330
2329 2331
2329 2
2332 2226
2332 679
2332 2276
2332 2
2333 1951
2333 2334
2333 1794
2333 2
2335 677
2335 413
2335 2336
2335 2
2337 2338
2337 744
2337 2
2339 995
2339 2092
2339 2
2340 2341
2340 2
2342 2343
2342 2282
2342 1341
2342 2
2344 2345
2344 2346
2344 2
2347 1951
2347 19
2347 2
2348 70
2348 2349
2348 2350
2348 2351
2348 2
2352 2353
2352 1341
2352 581
2352 2
2354 726
2354 2113
2354 2286
2354 2287
2354 2288
2354 2
2355 304
2355 2
2356 2357
2356 1962
2356 1980
2356 2
2358 2359
2358 2360
2358 2361
2358 2
2362 860
2362 2208
2362 2363
2362 2364
2362 2293
2362 2202
2362 2
2365 353
2365 540
2365 393
2365 2
2366 2367
2366 2368
2366 2239
2366 2369
2366 2
2370 2371
2370 2291
2370 2372
2370 2
2373 2374
2373 2
2375 2376
2375 2377
2375 2
2378 1726
2378 2379
2378 2
2380 2381
2380 2092
2380 1701
2380 2382
2380 2
2383 2384
2383 2282
2383 2
2385 2386
2385 2
2387 2308
2387 2201
2387 2
2388 2389
2388 2
2390 2391
2390 2
2392 2393
2392 2394
2392 2395
2392 2
2396 2338
2396 2397
2396 2398
2396 2399
2396 744
2396 2
2400 726
2400 540
2400 2
2401 1951
2401 2
2402 2403
2402 2404
2402 2
2405 2406
2405 2110
2405 2
2407 860
2407 2408
2407 2409
2407 2410
2407 2
2411 2412
2411 2276
2411 2413
2411 2
2414 2226
2414 679
2414 2415
2414 2
2416 2417
2416 848
2416 1828
2416 2
2418 2419
2418 2420
2418 2110
2418 1773
2418 2
2421 2422
2421 1773
2421 2
2423 2424
2423 2202
2423 2213
2423 2
2425 2426
2425 2427
2425 2428
2425 2
2429 1426
2429 276
2429 1441
2429 517
2429 2060
2429 71
2429 1341
2429 2
2430 726
2430 2113
2430 2431
2430 2050
2430 2
2432 2268
2432 2
2433 2434
2433 1261
2433 2
2435 2436
2435 2437
2435 2
2438 2439
2438 2440
2438 2
2441 443
2441 2
2442 2443
2442 2415
2442 276
2442 2
2444 70
2444 71
2444 2
2445 981
2445 2
2446 2447
2446 679
2446 2119
2446 2
2448 2220
2448 2
2449 2443
2449 2
2450 2359
2450 2
2451 2353
2451 581
2451 571
2451 2
2452 860
2452 2453
2452 2454
2452 2455
2452 2202
2452 2410
2452 2
2456 2457
2456 2458
2456 23
2456 2459
2456 390
2456 2
2460 2461
2460 2462
2460 854
2460 2463
2460 2464
2460 2
2465 1951
2465 540
2465 2
2466 2467
2466 2468
2466 2033
2466 2469
2466 2
2470 2471
2470 2472
2470 744
2470 2
2473 2474
2473 2201
2473 2475
2473 2476
2473 2477
2473 2
2478 445
2478 2310
2478 2479
2478 2
2480 2481
2480 2482
2480 2
2483 2484
2483 1261
2483 2485
2483 2
2486 2487
2486 2488
2486 2182
2486 413
2486 2
2489 2490
2489 2491
2489 2492
2489 2
2493 573
2493 854
2493 2464
2493 2
2494 677
2494 349
2494 393
2494 2
2495 2359
2495 2496
2495 1749
2495 2497
2495 2
2498 2389
2498 2
2499 2500
2499 1870
2499 1261
2499 2
2501 445
2501 2
2502 604
2502 1701
2502 2503
2502 2504
2502 2
2505 1951
2505 2
2506 1430
2506 2
2507 1245
2507 1828
2507 679
2507 2
2508 2509
2508 2382
2508 2
2510 467
2510 2
2511 2512
2511 2513
2511 2201
2511 2
2514 677
2514 2468
2514 2515
2514 2
2516 2353
2516 2517
2516 1341
2516 2518
2516 2
2519 1912
2519 1968
2519 2520
2519 2521
2519 2522
2519 2
2523 2524
2523 2525
2523 2
2526 2297
2526 983
2526 2
2527 2471
2527 2472
2527 744
2527 2
2528 726
2528 2113
2528 2431
2528 2050
2528 2
2529 2367
2529 2530
2529 2531
2529 2369
2529 2
2532 995
2532 413
2532 2533
2532 2
2534 2216
2534 2535
2534 2124
2534 2
2536 981
2536 2537
2536 2538
2536 2
2539 2540
2539 2541
2539 2128
2539 2542
2539 480
2539 2
2543 2226
2543 2415
2543 276
2543 2
2544 2216
2544 2545
2544 2
