  Method  Train_Percent  F-1_Macro  F-1_Micro       AUC  Avg_Precision  \
0     lr           0.05   0.692172   0.693681  0.693875       0.771720   
1     lr           0.10   0.706605   0.706989  0.707067       0.779690   
2     lr           0.20   0.717066   0.717556  0.717584       0.787931   
3     lr           0.30   0.721668   0.722179  0.722360       0.792378   
4     lr           0.40   0.722283   0.722718  0.722979       0.793532   
5     lr           0.50   0.723189   0.723694  0.723819       0.793300   
6     lr           0.60   0.724753   0.725239  0.725292       0.793892   
7     lr           0.70   0.724712   0.725053  0.725489       0.796241   
8     lr           0.80   0.729560   0.730414  0.729915       0.792505   
9     lr           0.90   0.731310   0.731688  0.732917       0.805633   

   Accuracy  
0  0.693681  
1  0.706989  
2  0.717556  
3  0.722179  
4  0.722718  
5  0.723694  
6  0.725239  
7  0.725053  
8  0.730414  
9  0.731688  
  Method  Train_Percent  F-1_Macro  F-1_Micro       AUC  Avg_Precision  \
0     dt           0.05   0.578424   0.578931  0.578983       0.688229   
1     dt           0.10   0.593341   0.593684  0.593714       0.696646   
2     dt           0.20   0.595996   0.596059  0.596079       0.697960   
3     dt           0.30   0.599510   0.599636  0.599719       0.700406   
4     dt           0.40   0.609873   0.610005  0.610094       0.706956   
5     dt           0.50   0.614305   0.614395  0.614394       0.711021   
6     dt           0.60   0.615653   0.615764  0.615763       0.714831   
7     dt           0.70   0.613605   0.613747  0.613786       0.709035   
8     dt           0.80   0.626211   0.626433  0.626635       0.722264   
9     dt           0.90   0.627709   0.628822  0.628193       0.717457   

   Accuracy  
0  0.578931  
1  0.593684  
2  0.596059  
3  0.599636  
4  0.610005  
5  0.614395  
6  0.615764  
7  0.613747  
8  0.626433  
9  0.628822  
  Method  Train_Percent  F-1_Macro  F-1_Micro       AUC  Avg_Precision  \
0     rf           0.05   0.638027   0.648709  0.649161       0.755627   
1     rf           0.10   0.677520   0.681281  0.681586       0.764042   
2     rf           0.20   0.686567   0.689152  0.689644       0.769977   
3     rf           0.30   0.684405   0.685669  0.686137       0.766595   
4     rf           0.40   0.683843   0.684766  0.685415       0.766056   
5     rf           0.50   0.682190   0.683089  0.684000       0.764541   
6     rf           0.60   0.690592   0.690884  0.691584       0.770787   
7     rf           0.70   0.685507   0.685722  0.686449       0.764919   
8     rf           0.80   0.686400   0.686545  0.687658       0.764948   
9     rf           0.90   0.694919   0.695064  0.695568       0.768178   

   Accuracy  
0  0.648709  
1  0.681281  
2  0.689152  
3  0.685669  
4  0.684766  
5  0.683089  
6  0.690884  
7  0.685722  
8  0.686545  
9  0.695064  
  Method  Train_Percent  F-1_Macro  F-1_Micro       AUC  Avg_Precision  \
0     nb           0.05   0.644794   0.648575  0.648640       0.730816   
1     nb           0.10   0.652951   0.657166  0.657035       0.737252   
2     nb           0.20   0.667584   0.673487  0.673700       0.753912   
3     nb           0.30   0.672077   0.678753  0.678558       0.758329   
4     nb           0.40   0.672365   0.679220  0.678700       0.757777   
5     nb           0.50   0.673610   0.680860  0.681137       0.762644   
6     nb           0.60   0.676209   0.683002  0.683371       0.764584   
7     nb           0.70   0.673098   0.680520  0.680659       0.762212   
8     nb           0.80   0.676472   0.684634  0.684412       0.765326   
9     nb           0.90   0.671448   0.679936  0.679193       0.759603   

   Accuracy  
0  0.648575  
1  0.657166  
2  0.673487  
3  0.678753  
4  0.679220  
5  0.680860  
6  0.683002  
7  0.680520  
8  0.684634  
9  0.679936  
