  Method  Train_Percent  F-1_Macro  F-1_Micro       AUC  Avg_Precision  \
0     lr           0.05   0.704518   0.705297  0.705416       0.779261   
1     lr           0.10   0.716786   0.717321  0.717419       0.788091   
2     lr           0.20   0.728621   0.728921  0.729025       0.796602   
3     lr           0.30   0.734895   0.735168  0.735270       0.801590   
4     lr           0.40   0.736901   0.737128  0.737442       0.805104   
5     lr           0.50   0.737500   0.737739  0.737854       0.803730   
6     lr           0.60   0.736130   0.736505  0.736310       0.801057   
7     lr           0.70   0.739419   0.739703  0.740112       0.807779   
8     lr           0.80   0.737800   0.738137  0.738587       0.806979   
9     lr           0.90   0.729781   0.730573  0.730131       0.792686   

   Accuracy  
0  0.705297  
1  0.717321  
2  0.728921  
3  0.735168  
4  0.737128  
5  0.737739  
6  0.736505  
7  0.739703  
8  0.738137  
9  0.730573  
  Method  Train_Percent  F-1_Macro  F-1_Micro       AUC  Avg_Precision  \
0     dt           0.05   0.576688   0.577288  0.577366       0.681583   
1     dt           0.10   0.595290   0.595453  0.595494       0.697576   
2     dt           0.20   0.602564   0.602667  0.602753       0.702968   
3     dt           0.30   0.609474   0.609509  0.609586       0.707162   
4     dt           0.40   0.615257   0.615287  0.615384       0.711311   
5     dt           0.50   0.612613   0.612707  0.612747       0.710532   
6     dt           0.60   0.619355   0.619427  0.619445       0.713845   
7     dt           0.70   0.612190   0.612314  0.612471       0.708414   
8     dt           0.80   0.620348   0.620621  0.620508       0.717734   
9     dt           0.90   0.622751   0.623089  0.623129       0.717627   

   Accuracy  
0  0.577288  
1  0.595453  
2  0.602667  
3  0.609509  
4  0.615287  
5  0.612707  
6  0.619427  
7  0.612314  
8  0.620621  
9  0.623089  
  Method  Train_Percent  F-1_Macro  F-1_Micro       AUC  Avg_Precision  \
0     rf           0.05   0.672748   0.678428  0.678708       0.764166   
1     rf           0.10   0.663927   0.670400  0.671020       0.764819   
2     rf           0.20   0.684288   0.686664  0.687218       0.769826   
3     rf           0.30   0.690904   0.693130  0.693916       0.772227   
4     rf           0.40   0.696425   0.697558  0.698145       0.774829   
5     rf           0.50   0.695739   0.696083  0.696351       0.772770   
6     rf           0.60   0.696231   0.696656  0.697442       0.773864   
7     rf           0.70   0.699414   0.699894  0.701889       0.779351   
8     rf           0.80   0.691647   0.691720  0.692123       0.767698   
9     rf           0.90   0.703853   0.703981  0.704619       0.781435   

   Accuracy  
0  0.678428  
1  0.670400  
2  0.686664  
3  0.693130  
4  0.697558  
5  0.696083  
6  0.696656  
7  0.699894  
8  0.691720  
9  0.703981  
  Method  Train_Percent  F-1_Macro  F-1_Micro       AUC  Avg_Precision  \
0     nb           0.05   0.654432   0.656017  0.655993       0.737449   
1     nb           0.10   0.669902   0.673567  0.673565       0.751975   
2     nb           0.20   0.680258   0.684614  0.684877       0.763455   
3     nb           0.30   0.688268   0.693107  0.692692       0.769064   
4     nb           0.40   0.689640   0.694347  0.695226       0.774963   
5     nb           0.50   0.688438   0.693854  0.693647       0.771258   
6     nb           0.60   0.691151   0.696338  0.695809       0.772284   
7     nb           0.70   0.690840   0.696019  0.697120       0.778024   
8     nb           0.80   0.696631   0.701194  0.702720       0.783061   
9     nb           0.90   0.697729   0.702707  0.703780       0.782997   

   Accuracy  
0  0.656017  
1  0.673567  
2  0.684614  
3  0.693107  
4  0.694347  
5  0.693854  
6  0.696338  
7  0.696019  
8  0.701194  
9  0.702707  
