Method   Train_Percent  F-1_Macro  F-1_Micro       AUC  Avg_Precision  Accuracy
    lr       0.05   0.718114   0.718840  0.718978       0.789813  0.718840
    lr       0.10   0.730826   0.731175  0.731229       0.798628  0.731175
    lr       0.20   0.738101   0.738575  0.738657       0.804299  0.738575
    lr       0.30   0.742964   0.743426  0.743540       0.808862  0.743426
    lr       0.40   0.743371   0.743816  0.743761       0.807925  0.743816
    lr       0.50   0.746066   0.746592  0.746556       0.810373  0.746592
    lr       0.60   0.746953   0.747412  0.747424       0.810445  0.747412
    lr       0.70   0.751278   0.751752  0.751486       0.812675  0.751752
    lr       0.80   0.750817   0.751672  0.751410       0.814002  0.751672
    lr       0.90   0.750971   0.751592  0.752206       0.817130  0.751592  
Method  Train_Percent  F-1_Macro  F-1_Micro       AUC  Avg_Precision  \
     dt           0.05   0.576520   0.576685  0.576704       0.683093   
     dt           0.10   0.592683   0.592852  0.592853       0.695119   
     dt           0.20   0.613470   0.613535  0.613564       0.711010   
     dt           0.30   0.614523   0.614559  0.614576       0.709988   
     dt           0.40   0.622632   0.622744  0.622735       0.717624   
     dt           0.50   0.625243   0.625318  0.625302       0.721153   
     dt           0.60   0.628419   0.628623  0.628692       0.726294   
     dt           0.70   0.632503   0.632590  0.632649       0.728727   
     dt           0.80   0.634347   0.634475  0.634623       0.725505   
     dt           0.90   0.650588   0.650955  0.650904       0.744805   

   Accuracy  
  0.576685  
  0.592852  
  0.613535  
  0.614559  
  0.622744  
  0.625318  
  0.628623  
  0.632590  
  0.634475  
  0.650955    
Method  Train_Percent  F-1_Macro  F-1_Micro       AUC  Avg_Precision  \
     rf           0.05   0.669797   0.675411  0.675729       0.765626   
     rf           0.10   0.691661   0.693560  0.693762       0.774151   
     rf           0.20   0.706782   0.707365  0.707501       0.781183   
     rf           0.30   0.697950   0.698703  0.699028       0.775665   
     rf           0.40   0.703535   0.704299  0.704868       0.780226   
     rf           0.50   0.701388   0.701752  0.702258       0.776912   
     rf           0.60   0.704876   0.705454  0.706437       0.782055   
     rf           0.70   0.703120   0.703344  0.703838       0.779282   
     rf           0.80   0.705599   0.705653  0.705899       0.776356   
     rf           0.90   0.709446   0.709554  0.709954       0.787361   

   Accuracy  
  0.675411  
  0.693560  
  0.707365  
  0.698703  
  0.704299  
  0.701752  
  0.705454  
  0.703344  
  0.705653  
  0.709554    
  Method  Train_Percent  F-1_Macro  F-1_Micro       AUC  Avg_Precision  \
0     nb           0.05   0.657040   0.660526  0.660452       0.740188   
1     nb           0.10   0.667156   0.672948  0.673060       0.752895   
2     nb           0.20   0.675241   0.682026  0.682056       0.762467   
3     nb           0.30   0.673250   0.680619  0.681016       0.763072   
4     nb           0.40   0.679330   0.686571  0.686513       0.767101   
5     nb           0.50   0.685270   0.692516  0.691927       0.771086   
6     nb           0.60   0.683304   0.690924  0.690703       0.771357   
7     nb           0.70   0.685099   0.692516  0.691919       0.771412   
8     nb           0.80   0.681167   0.688694  0.689363       0.772169   
9     nb           0.90   0.689818   0.696656  0.697437       0.779843   

   Accuracy  
0  0.660526  
1  0.672948  
2  0.682026  
3  0.680619  
4  0.686571  
5  0.692516  
6  0.690924  
7  0.692516  
8  0.688694  
9  0.696656  
