Method   Train_Percent  F-1_Macro  F-1_Micro       AUC  Avg_Precision  Accuracy
      lr       0.05   0.720639   0.721991  0.722138       0.792946  0.721991
      lr       0.10   0.728404   0.729423  0.729451       0.797900  0.729423
      lr       0.20   0.739992   0.740525  0.740550       0.805886  0.740525
      lr       0.30   0.743621   0.744427  0.744614       0.810556  0.744427
      lr       0.40   0.747155   0.747850  0.748157       0.813772  0.747850
      lr       0.50   0.744625   0.745255  0.745345       0.810367  0.745255
      lr       0.60   0.744165   0.744666  0.745080       0.811431  0.744666
      lr       0.70   0.748564   0.749045  0.749502       0.814882  0.749045
      lr       0.80   0.751838   0.752389  0.752989       0.818709  0.752389
      lr       0.90   0.744952   0.745860  0.745285       0.805502  0.745860  
Method  Train_Percent  F-1_Macro  F-1_Micro       AUC  Avg_Precision  \
      dt           0.05   0.591077   0.591468  0.591511       0.696129   
      dt           0.10   0.601185   0.601681  0.601792       0.703232   
      dt           0.20   0.611809   0.612002  0.612000       0.709485   
      dt           0.30   0.620196   0.620268  0.620336       0.717369   
      dt           0.40   0.623186   0.623248  0.623325       0.718265   
      dt           0.50   0.632715   0.632803  0.632859       0.726246   
      dt           0.60   0.636961   0.637102  0.637322       0.729940   
      dt           0.70   0.646806   0.646868  0.646945       0.735416   
      dt           0.80   0.646747   0.646895  0.647156       0.730553   
      dt           0.90   0.649827   0.650159  0.650150       0.734135   

   Accuracy  
  0.591468  
  0.601681  
  0.612002  
  0.620268  
  0.623248  
  0.632803  
  0.637102  
  0.646868  
  0.646895  
  0.650159    
Method  Train_Percent  F-1_Macro  F-1_Micro       AUC  Avg_Precision  \
     rf           0.05   0.670921   0.676785  0.677133       0.767345   
     rf           0.10   0.683543   0.689508  0.690214       0.776778   
     rf           0.20   0.702049   0.705354  0.706110       0.784361   
     rf           0.30   0.704794   0.705573  0.705924       0.780828   
     rf           0.40   0.703290   0.704167  0.704866       0.780142   
     rf           0.50   0.704487   0.705127  0.705631       0.780536   
     rf           0.60   0.703432   0.703702  0.704459       0.780191   
     rf           0.70   0.703348   0.703503  0.703996       0.775859   
     rf           0.80   0.705067   0.705175  0.705721       0.777043   
     rf           0.90   0.694102   0.694427  0.695302       0.774918   
   Accuracy  
  0.676785  
  0.689508  
  0.705354  
  0.705573  
  0.704167  
  0.705127  
  0.703702  
  0.703503  
  0.705175  
  0.694427    Method  Train_Percent  F-1_Macro  F-1_Micro       AUC  Avg_Precision  \
0     nb           0.05   0.645445   0.651291  0.651196       0.732145   
1     nb           0.10   0.652608   0.660563  0.660441       0.742156   
2     nb           0.20   0.668417   0.676811  0.676621       0.758340   
3     nb           0.30   0.671455   0.679845  0.680650       0.764955   
4     nb           0.40   0.669977   0.679724  0.679341       0.762418   
5     nb           0.50   0.671359   0.680096  0.681274       0.766775   
6     nb           0.60   0.664318   0.674721  0.674389       0.758163   
7     nb           0.70   0.672664   0.682272  0.682223       0.766211   
8     nb           0.80   0.673742   0.682962  0.684075       0.770049   
9     nb           0.90   0.678072   0.688057  0.686954       0.768547   

   Accuracy  
0  0.651291  
1  0.660563  
2  0.676811  
3  0.679845  
4  0.679724  
5  0.680096  
6  0.674721  
7  0.682272  
8  0.682962  
9  0.688057  
