  Method  Train_Percent  F-1_Macro  F-1_Micro       AUC  Avg_Precision  \
0     lr           0.05   0.657242   0.658794  0.658971       0.743611   
1     lr           0.10   0.672592   0.673333  0.673403       0.753237   
2     lr           0.20   0.678272   0.678815  0.679085       0.758309   
3     lr           0.30   0.683640   0.683907  0.684037       0.762466   
4     lr           0.40   0.686047   0.686436  0.686723       0.764370   
5     lr           0.50   0.686316   0.686626  0.686726       0.763390   
6     lr           0.60   0.690571   0.690945  0.690899       0.766126   
7     lr           0.70   0.686987   0.687340  0.687362       0.762854   
8     lr           0.80   0.690188   0.690351  0.691054       0.771906   
9     lr           0.90   0.688478   0.688836  0.689457       0.768850   

   Accuracy  
0  0.658794  
1  0.673333  
2  0.678815  
3  0.683907  
4  0.686436  
5  0.686626  
6  0.690945  
7  0.687340  
8  0.690351  
9  0.688836  
  Method  Train_Percent  F-1_Macro  F-1_Micro       AUC  Avg_Precision  \
0     dt           0.05   0.560990   0.562187  0.562284       0.679318   
1     dt           0.10   0.563710   0.564007  0.564077       0.673282   
2     dt           0.20   0.577476   0.577598  0.577724       0.683509   
3     dt           0.30   0.584585   0.584659  0.584662       0.689849   
4     dt           0.40   0.580258   0.580372  0.580447       0.687101   
5     dt           0.50   0.585393   0.585445  0.585558       0.689503   
6     dt           0.60   0.584177   0.584284  0.584309       0.690374   
7     dt           0.70   0.587759   0.587819  0.587908       0.691564   
8     dt           0.80   0.594220   0.594657  0.594465       0.699571   
9     dt           0.90   0.599478   0.599681  0.599992       0.701944   

   Accuracy  
0  0.562187  
1  0.564007  
2  0.577598  
3  0.584659  
4  0.580372  
5  0.585445  
6  0.584284  
7  0.587819  
8  0.594657  
9  0.599681  
  Method  Train_Percent  F-1_Macro  F-1_Micro       AUC  Avg_Precision  \
0     rf           0.05   0.610774   0.627196  0.627859       0.730738   
1     rf           0.10   0.637639   0.644787  0.645293       0.740925   
2     rf           0.20   0.649661   0.653341  0.653864       0.745220   
3     rf           0.30   0.654318   0.657488  0.658327       0.747586   
4     rf           0.40   0.656405   0.657793  0.658453       0.745281   
5     rf           0.50   0.655592   0.656846  0.657793       0.746085   
6     rf           0.60   0.654807   0.655564  0.656299       0.744870   
7     rf           0.70   0.656236   0.656543  0.656763       0.745570   
8     rf           0.80   0.662775   0.663158  0.663901       0.749571   
9     rf           0.90   0.659576   0.659809  0.660595       0.745417   

   Accuracy  
0  0.627196  
1  0.644787  
2  0.653341  
3  0.657488  
4  0.657793  
5  0.656846  
6  0.655564  
7  0.656543  
8  0.663158  
9  0.659809  
  Method  Train_Percent  F-1_Macro  F-1_Micro       AUC  Avg_Precision  \
0     nb           0.05   0.593855   0.598656  0.598813       0.686778   
1     nb           0.10   0.596827   0.605337  0.605441       0.689548   
2     nb           0.20   0.610361   0.619469  0.619889       0.703830   
3     nb           0.30   0.613683   0.623159  0.622935       0.705459   
4     nb           0.40   0.622556   0.630878  0.630585       0.712750   
5     nb           0.50   0.621529   0.629876  0.630095       0.713334   
6     nb           0.60   0.617349   0.626127  0.626393       0.709886   
7     nb           0.70   0.622767   0.631755  0.632486       0.717066   
8     nb           0.80   0.616361   0.626475  0.626891       0.711135   
9     nb           0.90   0.612065   0.622967  0.623288       0.706770   

   Accuracy  
0  0.598656  
1  0.605337  
2  0.619469  
3  0.623159  
4  0.630878  
5  0.629876  
6  0.626127  
7  0.631755  
8  0.626475  
9  0.622967  
