Method   Train_Percent  F-1_Macro  F-1_Micro       AUC  Avg_Precision  Accuracy
     lr           0.05   0.689427   0.690060  0.690123       0.766735  0.690060
     lr           0.10   0.709396   0.709766  0.709805       0.781583  0.709766
     lr           0.20   0.719856   0.720123  0.720170       0.789982  0.720123
     lr           0.30   0.724830   0.725136  0.725145       0.793401  0.725136
     lr           0.40   0.729007   0.729352  0.729503       0.797310  0.729352
     lr           0.50   0.732453   0.732643  0.732824       0.800892  0.732643
     lr           0.60   0.733639   0.733997  0.733948       0.799608  0.733997
     lr           0.70   0.740834   0.741242  0.741224       0.806385  0.741242
     lr           0.80   0.729768   0.730255  0.730150       0.796152  0.730255
     lr           0.90   0.735062   0.735828  0.735477       0.798186  0.735828  
Method  Train_Percent  F-1_Macro  F-1_Micro       AUC  Avg_Precision  \
     dt           0.05   0.579547   0.579769  0.579781       0.684921   
     dt           0.10   0.583082   0.583174  0.583202       0.687026   
     dt           0.20   0.599803   0.599861  0.599858       0.700830   
     dt           0.30   0.601399   0.601501  0.601618       0.702199   
     dt           0.40   0.606499   0.606555  0.606695       0.706464   
     dt           0.50   0.611050   0.611115  0.611170       0.707995   
     dt           0.60   0.615202   0.615366  0.615306       0.714065   
     dt           0.70   0.627667   0.627813  0.627837       0.722480   
     dt           0.80   0.623679   0.623806  0.623923       0.721224   
     dt           0.90   0.627782   0.628025  0.628347       0.720692   

   Accuracy  
  0.579769  
  0.583174  
  0.599861  
  0.601501  
  0.606555  
  0.611115  
  0.615366  
  0.627813  
  0.623806  
  0.628025    
Method  Train_Percent  F-1_Macro  F-1_Micro       AUC  Avg_Precision  \
     rf           0.05   0.642986   0.656420  0.657009       0.756641   
     rf           0.10   0.668486   0.673071  0.673476       0.761859   
     rf           0.20   0.675035   0.677309  0.677730       0.762780   
     rf           0.30   0.681716   0.683985  0.684666       0.766388   
     rf           0.40   0.684278   0.685589  0.686367       0.766398   
     rf           0.50   0.687044   0.687611  0.687982       0.766495   
     rf           0.60   0.687504   0.687779  0.688168       0.767464   
     rf           0.70   0.686351   0.686677  0.687518       0.766603   
     rf           0.80   0.682076   0.682245  0.682953       0.759578   
     rf           0.90   0.680187   0.680414  0.680783       0.754302   

   Accuracy  
  0.656420  
  0.673071  
  0.677309  
  0.683985  
  0.685589  
  0.687611  
  0.687779  
  0.686677  
  0.682245  
  0.680414    
  Method  Train_Percent  F-1_Macro  F-1_Micro       AUC  Avg_Precision  \
0     nb           0.05   0.630403   0.634864  0.634873       0.718040   
1     nb           0.10   0.635749   0.642463  0.642241       0.723798   
2     nb           0.20   0.645952   0.653543  0.653457       0.734891   
3     nb           0.30   0.648569   0.657075  0.656605       0.737618   
4     nb           0.40   0.644757   0.653954  0.653677       0.735693   
5     nb           0.50   0.648140   0.656624  0.656627       0.738985   
6     nb           0.60   0.652617   0.660868  0.661949       0.746516   
7     nb           0.70   0.651946   0.661146  0.659724       0.739030   
8     nb           0.80   0.655596   0.665207  0.665972       0.751062   
9     nb           0.90   0.643663   0.656369  0.651923       0.727063   

   Accuracy  
0  0.634864  
1  0.642463  
2  0.653543  
3  0.657075  
4  0.653954  
5  0.656624  
6  0.660868  
7  0.661146  
8  0.665207  
9  0.656369  
