  Method  Train_Percent  F-1_Macro  F-1_Micro       AUC  Avg_Precision  \
0     nb           0.05   0.657169   0.665035  0.665287       0.747750   
1     nb           0.10   0.662344   0.670913  0.670801       0.752966   
2     nb           0.20   0.675915   0.684793  0.685001       0.768650   
3     nb           0.30   0.677129   0.685783  0.685698       0.767958   
4     nb           0.40   0.677908   0.687527  0.687198       0.770563   
5     nb           0.50   0.674726   0.683726  0.684589       0.769807   
6     nb           0.60   0.677790   0.687460  0.686431       0.768290   
7     nb           0.70   0.680612   0.688747  0.690568       0.776899   
8     nb           0.80   0.671486   0.680494  0.683064       0.771762   
9     nb           0.90   0.674676   0.683280  0.684105       0.768705   

   Accuracy  
0  0.665035  
1  0.670913  
2  0.684793  
3  0.685783  
4  0.687527  
5  0.683726  
6  0.687460  
7  0.688747  
8  0.680494  
9  0.683280  
  Method  Train_Percent  F-1_Macro  F-1_Micro       AUC  Avg_Precision  \
0     rf           0.05   0.683767   0.690781  0.691183       0.778591   
1     rf           0.10   0.705057   0.707856  0.708150       0.785102   
2     rf           0.20   0.714288   0.714988  0.715195       0.787245   
3     rf           0.30   0.707831   0.708826  0.709384       0.783778   
4     rf           0.40   0.711470   0.711863  0.712244       0.784863   
5     rf           0.50   0.712286   0.712580  0.713055       0.785182   
6     rf           0.60   0.707069   0.707325  0.707769       0.780668   
7     rf           0.70   0.713038   0.713163  0.713658       0.786318   
8     rf           0.80   0.709795   0.709873  0.710395       0.782604   
9     rf           0.90   0.708914   0.709076  0.709469       0.780801   

   Accuracy  
0  0.690781  
1  0.707856  
2  0.714988  
3  0.708826  
4  0.711863  
5  0.712580  
6  0.707325  
7  0.713163  
8  0.709873  
9  0.709076  
  Method  Train_Percent  F-1_Macro  F-1_Micro       AUC  Avg_Precision  \
0     dt           0.05   0.592937   0.593128  0.593158       0.693853   
1     dt           0.10   0.601986   0.602176  0.602231       0.702129   
2     dt           0.20   0.616258   0.616342  0.616359       0.713699   
3     dt           0.30   0.625583   0.625682  0.625795       0.719821   
4     dt           0.40   0.629839   0.629883  0.630099       0.721689   
5     dt           0.50   0.635559   0.635605  0.635688       0.727043   
6     dt           0.60   0.637825   0.637898  0.637934       0.727590   
7     dt           0.70   0.643977   0.644108  0.644395       0.731869   
8     dt           0.80   0.650794   0.650955  0.651102       0.736969   
9     dt           0.90   0.654393   0.654618  0.655071       0.737601   

   Accuracy  
0  0.593128  
1  0.602176  
2  0.616342  
3  0.625682  
4  0.629883  
5  0.635605  
6  0.637898  
7  0.644108  
8  0.650955  
9  0.654618  
  Method  Train_Percent  F-1_Macro  F-1_Micro       AUC  Avg_Precision  \
0     lr           0.05   0.714516   0.714767  0.714788       0.785820   
1     lr           0.10   0.729320   0.729494  0.729520       0.796435   
2     lr           0.20   0.739472   0.739550  0.739569       0.805195   
3     lr           0.30   0.744678   0.744768  0.744952       0.810309   
4     lr           0.40   0.747692   0.747797  0.747878       0.811507   
5     lr           0.50   0.751965   0.752070  0.752205       0.815200   
6     lr           0.60   0.754522   0.754658  0.754625       0.815517   
7     lr           0.70   0.755631   0.755732  0.755846       0.818812   
8     lr           0.80   0.761432   0.761545  0.761626       0.822249   
9     lr           0.90   0.756240   0.756369  0.756593       0.818677   

   Accuracy  
0  0.714767  
1  0.729494  
2  0.739550  
3  0.744768  
4  0.747797  
5  0.752070  
6  0.754658  
7  0.755732  
8  0.761545  
9  0.756369  
